0 0 0 0 70 90    0.000    0.000    0.000    0.000    0.000    0.000 
0 0 0 0 70 90    0.000    0.000    0.000    0.000    0.000    0.000 
0 0 0 0 70 90    0.000    0.000    0.000    0.000    0.000    0.000 
0 0 0 0 70 90    0.000    0.000    0.000    0.000    0.000    0.000 
0 0 1 0 70 90    0.000    1.008    0.000    1.008    0.000    0.008 
0 0 0 1 110 90    0.000    1.008    0.000    1.008    0.000    0.008 
0 0 1 0 70 90    0.000    1.008    0.000    1.008    0.000    0.008 
0 0 0 1 110 90    0.000    1.008    0.000    1.008    0.000    0.008 
0 0 2 0 70 90    0.000    2.020    0.000    2.020    0.000    0.020 
0 0 0 2 110 90    0.000    2.020    0.000    2.020    0.000    0.020 
0 0 2 0 70 90    0.000    2.020    0.000    2.020    0.000    0.020 
0 0 0 2 110 90    0.000    2.020    0.000    2.020    0.000    0.020 
0 0 3 0 70 90    0.000    3.027    0.000    3.027    0.000    0.027 
0 0 0 3 110 90    0.000    3.027    0.000    3.027    0.000    0.027 
0 0 3 0 70 90    0.000    3.027    0.000    3.027    0.000    0.027 
0 0 0 3 110 90    0.000    3.027    0.000    3.027    0.000    0.027 
0 0 4 0 70 90    0.000    4.039    0.000    4.039    0.000    0.039 
0 0 0 4 110 90    0.000    4.039    0.000    4.039    0.000    0.039 
0 0 4 0 70 90    0.000    4.039    0.000    4.039    0.000    0.039 
0 0 0 4 110 90    0.000    4.039    0.000    4.039    0.000    0.039 
0 0 5 0 70 90    0.000    5.047    0.000    5.047    0.000    0.047 
0 0 0 5 110 90    0.000    5.047    0.000    5.047    0.000    0.047 
0 0 5 0 70 90    0.000    5.047    0.000    5.047    0.000    0.047 
0 0 0 5 110 90    0.000    5.047    0.000    5.047    0.000    0.047 
0 0 17 0 70 90    0.000   17.164    0.000   17.164    0.000    0.164 
0 0 0 17 110 90    0.000   17.164    0.000   17.164    0.000    0.164 
0 0 17 0 70 90    0.000   17.164    0.000   17.164    0.000    0.164 
0 0 0 17 110 90    0.000   17.164    0.000   17.164    0.000    0.164 
0 0 73 0 70 90    0.000   73.711    0.000   73.711    0.000    0.711 
0 0 0 73 110 90    0.000   73.711    0.000   73.711    0.000    0.711 
0 0 73 0 70 90    0.000   73.711    0.000   73.711    0.000    0.711 
0 0 0 73 110 90    0.000   73.711    0.000   73.711    0.000    0.711 
0 0 97 0 70 90    0.000   97.945    0.000   97.945    0.000    0.945 
0 0 0 97 110 90    0.000   97.945    0.000   97.945    0.000    0.945 
0 0 97 0 70 90    0.000   97.945    0.000   97.945    0.000    0.945 
0 0 0 97 110 90    0.000   97.945    0.000   97.945    0.000    0.945 
0 0 168 0 70 90    0.000  169.641    0.000  169.641    0.000    1.641 
0 0 0 168 110 90    0.000  169.641    0.000  169.641    0.000    1.641 
0 0 168 0 70 90    0.000  169.641    0.000  169.641    0.000    1.641 
0 0 0 168 110 90    0.000  169.641    0.000  169.641    0.000    1.641 
0 0 193 0 70 90    0.000  194.883    0.000  194.883    0.000    1.883 
0 0 0 193 110 90    0.000  194.883    0.000  194.883    0.000    1.883 
0 0 193 0 70 90    0.000  194.883    0.000  194.883    0.000    1.883 
0 0 0 193 110 90    0.000  194.883    0.000  194.883    0.000    1.883 
0 0 244 0 70 90    0.000  246.383    0.000  246.383    0.000    2.383 
0 0 0 244 110 90    0.000  246.383    0.000  246.383    0.000    2.383 
0 0 244 0 70 90    0.000  246.383    0.000  246.383    0.000    2.383 
0 0 0 244 110 90    0.000  246.383    0.000  246.383    0.000    2.383 
0 0 250 0 70 90    0.000  252.441    0.000  252.441    0.000    2.441 
0 0 0 250 110 90    0.000  252.441    0.000  252.441    0.000    2.441 
0 0 250 0 70 90    0.000  252.441    0.000  252.441    0.000    2.441 
0 0 0 250 110 90    0.000  252.441    0.000  252.441    0.000    2.441 
0 0 255 0 70 90    0.000  257.488    0.000  257.488    0.000    2.488 
0 0 0 255 110 90    0.000  257.488    0.000  257.488    0.000    2.488 
0 0 255 0 70 90    0.000  257.488    0.000  257.488    0.000    2.488 
0 0 0 255 110 90    0.000  257.488    0.000  257.488    0.000    2.488 
1 0 0 0 170 10    0.504    0.504    0.993    0.000   -0.007    0.000 
1 0 0 0 170 10    0.504    0.504    0.993    0.000   -0.007    0.000 
0 1 0 0 10 170    0.504    0.504    0.993    0.000   -0.007    0.000 
0 1 0 0 10 170    0.504    0.504    0.993    0.000   -0.007    0.000 
1 0 1 0 30 50    0.355    1.078    1.001    1.004    0.001    0.004 
1 0 0 1 150 130    0.355    1.078   -1.001    1.004    0.001    0.004 
0 1 1 0 150 130    0.355    1.078   -1.001    1.004    0.001    0.004 
0 1 0 1 30 50    0.355    1.078    1.001    1.004    0.001    0.004 
1 0 2 0 50 70    0.742    1.535    1.002    2.011    0.002    0.011 
1 0 0 2 130 110    0.742    1.535   -1.002    2.011    0.002    0.011 
0 1 2 0 130 110    0.742    1.535   -1.002    2.011    0.002    0.011 
0 1 0 2 50 70    0.742    1.535    1.002    2.011    0.002    0.011 
1 0 3 0 70 90    2.938    0.262    1.005    3.022    0.005    0.022 
1 0 0 3 110 90    2.938    0.262   -1.005    3.022    0.005    0.022 
0 1 3 0 110 90    2.938    0.262   -1.005    3.022    0.005    0.022 
0 1 0 3 70 90    2.938    0.262    1.005    3.022    0.005    0.022 
1 0 4 0 70 90    2.938    1.273    1.005    4.034    0.005    0.034 
1 0 0 4 110 90    2.938    1.273   -1.005    4.034    0.005    0.034 
0 1 4 0 110 90    2.938    1.273   -1.005    4.034    0.005    0.034 
0 1 0 4 70 90    2.938    1.273    1.005    4.034    0.005    0.034 
1 0 5 0 70 90    2.938    2.281    1.005    5.042    0.005    0.042 
1 0 0 5 110 90    2.938    2.281   -1.005    5.042    0.005    0.042 
0 1 5 0 110 90    2.938    2.281   -1.005    5.042    0.005    0.042 
0 1 0 5 70 90    2.938    2.281    1.005    5.042    0.005    0.042 
1 0 17 0 70 90    2.938   14.398    1.005   17.159    0.005    0.159 
1 0 0 17 110 90    2.938   14.398   -1.005   17.159    0.005    0.159 
0 1 17 0 110 90    2.938   14.398   -1.005   17.159    0.005    0.159 
0 1 0 17 70 90    2.938   14.398    1.005   17.159    0.005    0.159 
1 0 73 0 70 90    2.938   70.945    1.005   73.706    0.005    0.706 
1 0 0 73 110 90    2.938   70.945   -1.005   73.706    0.005    0.706 
0 1 73 0 110 90    2.938   70.945   -1.005   73.706    0.005    0.706 
0 1 0 73 70 90    2.938   70.945    1.005   73.706    0.005    0.706 
1 0 97 0 70 90    2.938   95.180    1.005   97.940    0.005    0.940 
1 0 0 97 110 90    2.938   95.180   -1.005   97.940    0.005    0.940 
0 1 97 0 110 90    2.938   95.180   -1.005   97.940    0.005    0.940 
0 1 0 97 70 90    2.938   95.180    1.005   97.940    0.005    0.940 
1 0 168 0 70 90    2.938  166.875    1.005  169.635    0.005    1.635 
1 0 0 168 110 90    2.938  166.875   -1.005  169.635    0.005    1.635 
0 1 168 0 110 90    2.938  166.875   -1.005  169.635    0.005    1.635 
0 1 0 168 70 90    2.938  166.875    1.005  169.635    0.005    1.635 
1 0 193 0 70 90    2.938  192.117    1.005  194.878    0.005    1.878 
1 0 0 193 110 90    2.938  192.117   -1.005  194.878    0.005    1.878 
0 1 193 0 110 90    2.938  192.117   -1.005  194.878    0.005    1.878 
0 1 0 193 70 90    2.938  192.117    1.005  194.878    0.005    1.878 
1 0 244 0 70 90    2.938  243.617    1.005  246.378    0.005    2.378 
1 0 0 244 110 90    2.938  243.617   -1.005  246.378    0.005    2.378 
0 1 244 0 110 90    2.938  243.617   -1.005  246.378    0.005    2.378 
0 1 0 244 70 90    2.938  243.617    1.005  246.378    0.005    2.378 
1 0 250 0 70 90    2.938  249.676    1.005  252.436    0.005    2.436 
1 0 0 250 110 90    2.938  249.676   -1.005  252.436    0.005    2.436 
0 1 250 0 110 90    2.938  249.676   -1.005  252.436    0.005    2.436 
0 1 0 250 70 90    2.938  249.676    1.005  252.436    0.005    2.436 
1 0 255 0 70 90    2.938  254.723    1.005  257.483    0.005    2.483 
1 0 0 255 110 90    2.938  254.723   -1.005  257.483    0.005    2.483 
0 1 255 0 110 90    2.938  254.723   -1.005  257.483    0.005    2.483 
0 1 0 255 70 90    2.938  254.723    1.005  257.483    0.005    2.483 
2 0 0 0 170 10    1.008    1.008    1.985    0.000   -0.015    0.000 
2 0 0 0 170 10    1.008    1.008    1.985    0.000   -0.015    0.000 
0 2 0 0 10 170    1.008    1.008    1.985    0.000   -0.015    0.000 
0 2 0 0 10 170    1.008    1.008    1.985    0.000   -0.015    0.000 
2 0 1 0 10 30    0.387    1.879    2.008    1.007    0.008    0.007 
2 0 0 1 170 150    0.387    1.879   -2.008    1.007    0.008    0.007 
0 2 1 0 170 150    0.387    1.879   -2.008    1.007    0.008    0.007 
0 2 0 1 10 30    0.387    1.879    2.008    1.007    0.008    0.007 
2 0 2 0 30 50    0.711    2.156    2.002    2.007    0.002    0.007 
2 0 0 2 150 130    0.711    2.156   -2.002    2.007    0.002    0.007 
0 2 2 0 150 130    0.711    2.156   -2.002    2.007    0.002    0.007 
0 2 0 2 30 50    0.711    2.156    2.002    2.007    0.002    0.007 
2 0 3 0 50 70    2.500    1.180    2.010    3.024    0.010    0.024 
2 0 0 3 130 110    2.500    1.180   -2.010    3.024    0.010    0.024 
0 2 3 0 130 110    2.500    1.180   -2.010    3.024    0.010    0.024 
0 2 0 3 50 70    2.500    1.180    2.010    3.024    0.010    0.024 
2 0 4 0 50 70    1.488    3.074    2.008    4.029    0.008    0.029 
2 0 0 4 130 110    1.488    3.074   -2.008    4.029    0.008    0.029 
0 2 4 0 130 110    1.488    3.074   -2.008    4.029    0.008    0.029 
0 2 0 4 50 70    1.488    3.074    2.008    4.029    0.008    0.029 
2 0 5 0 50 70    0.480    4.965    2.007    5.033    0.007    0.033 
2 0 0 5 130 110    0.480    4.965   -2.007    5.033    0.007    0.033 
0 2 5 0 130 110    0.480    4.965   -2.007    5.033    0.007    0.033 
0 2 0 5 50 70    0.480    4.965    2.007    5.033    0.007    0.033 
2 0 17 0 70 90    5.875   11.633    2.009   17.154    0.009    0.154 
2 0 0 17 110 90    5.875   11.633   -2.009   17.154    0.009    0.154 
0 2 17 0 110 90    5.875   11.633   -2.009   17.154    0.009    0.154 
0 2 0 17 70 90    5.875   11.633    2.009   17.154    0.009    0.154 
2 0 73 0 70 90    5.875   68.180    2.009   73.700    0.009    0.700 
2 0 0 73 110 90    5.875   68.180   -2.009   73.700    0.009    0.700 
0 2 73 0 110 90    5.875   68.180   -2.009   73.700    0.009    0.700 
0 2 0 73 70 90    5.875   68.180    2.009   73.700    0.009    0.700 
2 0 97 0 70 90    5.875   92.414    2.009   97.935    0.009    0.935 
2 0 0 97 110 90    5.875   92.414   -2.009   97.935    0.009    0.935 
0 2 97 0 110 90    5.875   92.414   -2.009   97.935    0.009    0.935 
0 2 0 97 70 90    5.875   92.414    2.009   97.935    0.009    0.935 
2 0 168 0 70 90    5.875  164.109    2.009  169.630    0.009    1.630 
2 0 0 168 110 90    5.875  164.109   -2.009  169.630    0.009    1.630 
0 2 168 0 110 90    5.875  164.109   -2.009  169.630    0.009    1.630 
0 2 0 168 70 90    5.875  164.109    2.009  169.630    0.009    1.630 
2 0 193 0 70 90    5.875  189.352    2.009  194.872    0.009    1.872 
2 0 0 193 110 90    5.875  189.352   -2.009  194.872    0.009    1.872 
0 2 193 0 110 90    5.875  189.352   -2.009  194.872    0.009    1.872 
0 2 0 193 70 90    5.875  189.352    2.009  194.872    0.009    1.872 
2 0 244 0 70 90    5.875  240.852    2.009  246.372    0.009    2.372 
2 0 0 244 110 90    5.875  240.852   -2.009  246.372    0.009    2.372 
0 2 244 0 110 90    5.875  240.852   -2.009  246.372    0.009    2.372 
0 2 0 244 70 90    5.875  240.852    2.009  246.372    0.009    2.372 
2 0 250 0 70 90    5.875  246.910    2.009  252.431    0.009    2.431 
2 0 0 250 110 90    5.875  246.910   -2.009  252.431    0.009    2.431 
0 2 250 0 110 90    5.875  246.910   -2.009  252.431    0.009    2.431 
0 2 0 250 70 90    5.875  246.910    2.009  252.431    0.009    2.431 
2 0 255 0 70 90    5.875  251.957    2.009  257.478    0.009    2.478 
2 0 0 255 110 90    5.875  251.957   -2.009  257.478    0.009    2.478 
0 2 255 0 110 90    5.875  251.957   -2.009  257.478    0.009    2.478 
0 2 0 255 70 90    5.875  251.957    2.009  257.478    0.009    2.478 
3 0 0 0 170 10    1.512    1.512    2.978    0.000   -0.022    0.000 
3 0 0 0 170 10    1.512    1.512    2.978    0.000   -0.022    0.000 
0 3 0 0 10 170    1.512    1.512    2.978    0.000   -0.022    0.000 
0 3 0 0 10 170    1.512    1.512    2.978    0.000   -0.022    0.000 
3 0 1 0 10 30    1.855    1.375    3.018    1.010    0.018    0.010 
3 0 0 1 170 150    1.855    1.375   -3.018    1.010    0.018    0.010 
0 3 1 0 170 150    1.855    1.375   -3.018    1.010    0.018    0.010 
0 3 0 1 10 30    1.855    1.375    3.018    1.010    0.018    0.010 
3 0 2 0 30 50    2.957    0.688    3.003    2.005    0.003    0.005 
3 0 0 2 150 130    2.957    0.688   -3.003    2.005    0.003    0.005 
0 3 2 0 150 130    2.957    0.688   -3.003    2.005    0.003    0.005 
0 3 0 2 30 50    2.957    0.688    3.003    2.005    0.003    0.005 
3 0 3 0 30 50    1.066    3.234    3.003    3.011    0.003    0.011 
3 0 0 3 150 130    1.066    3.234   -3.003    3.011    0.003    0.011 
0 3 3 0 150 130    1.066    3.234   -3.003    3.011    0.003    0.011 
0 3 0 3 30 50    1.066    3.234    3.003    3.011    0.003    0.011 
3 0 4 0 50 70    4.254    0.824    3.016    4.033    0.016    0.033 
3 0 0 4 130 110    4.254    0.824   -3.016    4.033    0.016    0.033 
0 3 4 0 130 110    4.254    0.824   -3.016    4.033    0.016    0.033 
0 3 0 4 50 70    4.254    0.824    3.016    4.033    0.016    0.033 
3 0 5 0 50 70    3.246    2.719    3.016    5.041    0.016    0.041 
3 0 0 5 130 110    3.246    2.719   -3.016    5.041    0.016    0.041 
0 3 5 0 130 110    3.246    2.719   -3.016    5.041    0.016    0.041 
0 3 0 5 50 70    3.246    2.719    3.016    5.041    0.016    0.041 
3 0 17 0 70 90    8.812    8.867    3.014   17.148    0.014    0.148 
3 0 0 17 110 90    8.812    8.867   -3.014   17.148    0.014    0.148 
0 3 17 0 110 90    8.812    8.867   -3.014   17.148    0.014    0.148 
0 3 0 17 70 90    8.812    8.867    3.014   17.148    0.014    0.148 
3 0 73 0 70 90    8.812   65.414    3.014   73.695    0.014    0.695 
3 0 0 73 110 90    8.812   65.414   -3.014   73.695    0.014    0.695 
0 3 73 0 110 90    8.812   65.414   -3.014   73.695    0.014    0.695 
0 3 0 73 70 90    8.812   65.414    3.014   73.695    0.014    0.695 
3 0 97 0 70 90    8.812   89.648    3.014   97.929    0.014    0.929 
3 0 0 97 110 90    8.812   89.648   -3.014   97.929    0.014    0.929 
0 3 97 0 110 90    8.812   89.648   -3.014   97.929    0.014    0.929 
0 3 0 97 70 90    8.812   89.648    3.014   97.929    0.014    0.929 
3 0 168 0 70 90    8.812  161.344    3.014  169.625    0.014    1.625 
3 0 0 168 110 90    8.812  161.344   -3.014  169.625    0.014    1.625 
0 3 168 0 110 90    8.812  161.344   -3.014  169.625    0.014    1.625 
0 3 0 168 70 90    8.812  161.344    3.014  169.625    0.014    1.625 
3 0 193 0 70 90    8.812  186.586    3.014  194.867    0.014    1.867 
3 0 0 193 110 90    8.812  186.586   -3.014  194.867    0.014    1.867 
0 3 193 0 110 90    8.812  186.586   -3.014  194.867    0.014    1.867 
0 3 0 193 70 90    8.812  186.586    3.014  194.867    0.014    1.867 
3 0 244 0 70 90    8.812  238.086    3.014  246.367    0.014    2.367 
3 0 0 244 110 90    8.812  238.086   -3.014  246.367    0.014    2.367 
0 3 244 0 110 90    8.812  238.086   -3.014  246.367    0.014    2.367 
0 3 0 244 70 90    8.812  238.086    3.014  246.367    0.014    2.367 
3 0 250 0 70 90    8.812  244.145    3.014  252.426    0.014    2.426 
3 0 0 250 110 90    8.812  244.145   -3.014  252.426    0.014    2.426 
0 3 250 0 110 90    8.812  244.145   -3.014  252.426    0.014    2.426 
0 3 0 250 70 90    8.812  244.145    3.014  252.426    0.014    2.426 
3 0 255 0 70 90    8.812  249.191    3.014  257.472    0.014    2.472 
3 0 0 255 110 90    8.812  249.191   -3.014  257.472    0.014    2.472 
0 3 255 0 110 90    8.812  249.191   -3.014  257.472    0.014    2.472 
0 3 0 255 70 90    8.812  249.191    3.014  257.472    0.014    2.472 
4 0 0 0 170 10    2.020    2.020    3.978    0.000   -0.022    0.000 
4 0 0 0 170 10    2.020    2.020    3.978    0.000   -0.022    0.000 
0 4 0 0 10 170    2.020    2.020    3.978    0.000   -0.022    0.000 
0 4 0 0 10 170    2.020    2.020    3.978    0.000   -0.022    0.000 
4 0 1 0 10 30    3.324    0.871    4.028    1.013    0.028    0.013 
4 0 0 1 170 150    3.324    0.871   -4.028    1.013    0.028    0.013 
0 4 1 0 170 150    3.324    0.871   -4.028    1.013    0.028    0.013 
0 4 0 1 10 30    3.324    0.871    4.028    1.013    0.028    0.013 
4 0 2 0 10 30    0.777    3.762    4.023    2.016    0.023    0.016 
4 0 0 2 170 150    0.777    3.762   -4.023    2.016    0.023    0.016 
0 4 2 0 170 150    0.777    3.762   -4.023    2.016    0.023    0.016 
0 4 0 2 10 30    0.777    3.762    4.023    2.016    0.023    0.016 
4 0 3 0 30 50    3.312    1.766    4.004    3.009    0.004    0.009 
4 0 0 3 150 130    3.312    1.766   -4.004    3.009    0.004    0.009 
0 4 3 0 150 130    3.312    1.766   -4.004    3.009    0.004    0.009 
0 4 0 3 30 50    3.312    1.766    4.004    3.009    0.004    0.009 
4 0 4 0 30 50    1.422    4.312    4.003    4.015    0.003    0.015 
4 0 0 4 150 130    1.422    4.312   -4.003    4.015    0.003    0.015 
0 4 4 0 150 130    1.422    4.312   -4.003    4.015    0.003    0.015 
0 4 0 4 30 50    1.422    4.312    4.003    4.015    0.003    0.015 
4 0 5 0 50 70    6.012    0.469    4.025    5.046    0.025    0.046 
4 0 0 5 130 110    6.012    0.469   -4.025    5.046    0.025    0.046 
0 4 5 0 130 110    6.012    0.469   -4.025    5.046    0.025    0.046 
0 4 0 5 50 70    6.012    0.469    4.025    5.046    0.025    0.046 
4 0 17 0 70 90   11.750    6.102    4.019   17.143    0.019    0.143 
4 0 0 17 110 90   11.750    6.102   -4.019   17.143    0.019    0.143 
0 4 17 0 110 90   11.750    6.102   -4.019   17.143    0.019    0.143 
0 4 0 17 70 90   11.750    6.102    4.019   17.143    0.019    0.143 
4 0 73 0 70 90   11.750   62.648    4.019   73.690    0.019    0.690 
4 0 0 73 110 90   11.750   62.648   -4.019   73.690    0.019    0.690 
0 4 73 0 110 90   11.750   62.648   -4.019   73.690    0.019    0.690 
0 4 0 73 70 90   11.750   62.648    4.019   73.690    0.019    0.690 
4 0 97 0 70 90   11.750   86.883    4.019   97.924    0.019    0.924 
4 0 0 97 110 90   11.750   86.883   -4.019   97.924    0.019    0.924 
0 4 97 0 110 90   11.750   86.883   -4.019   97.924    0.019    0.924 
0 4 0 97 70 90   11.750   86.883    4.019   97.924    0.019    0.924 
4 0 168 0 70 90   11.750  158.578    4.019  169.620    0.019    1.620 
4 0 0 168 110 90   11.750  158.578   -4.019  169.620    0.019    1.620 
0 4 168 0 110 90   11.750  158.578   -4.019  169.620    0.019    1.620 
0 4 0 168 70 90   11.750  158.578    4.019  169.620    0.019    1.620 
4 0 193 0 70 90   11.750  183.820    4.019  194.862    0.019    1.862 
4 0 0 193 110 90   11.750  183.820   -4.019  194.862    0.019    1.862 
0 4 193 0 110 90   11.750  183.820   -4.019  194.862    0.019    1.862 
0 4 0 193 70 90   11.750  183.820    4.019  194.862    0.019    1.862 
4 0 244 0 70 90   11.750  235.320    4.019  246.362    0.019    2.362 
4 0 0 244 110 90   11.750  235.320   -4.019  246.362    0.019    2.362 
0 4 244 0 110 90   11.750  235.320   -4.019  246.362    0.019    2.362 
0 4 0 244 70 90   11.750  235.320    4.019  246.362    0.019    2.362 
4 0 250 0 70 90   11.750  241.379    4.019  252.420    0.019    2.420 
4 0 0 250 110 90   11.750  241.379   -4.019  252.420    0.019    2.420 
0 4 250 0 110 90   11.750  241.379   -4.019  252.420    0.019    2.420 
0 4 0 250 70 90   11.750  241.379    4.019  252.420    0.019    2.420 
4 0 255 0 70 90   11.750  246.426    4.019  257.467    0.019    2.467 
4 0 0 255 110 90   11.750  246.426   -4.019  257.467    0.019    2.467 
0 4 255 0 110 90   11.750  246.426   -4.019  257.467    0.019    2.467 
0 4 0 255 70 90   11.750  246.426    4.019  257.467    0.019    2.467 
5 0 0 0 170 10    2.523    2.523    4.970    0.000   -0.030    0.000 
5 0 0 0 170 10    2.523    2.523    4.970    0.000   -0.030    0.000 
0 5 0 0 10 170    2.523    2.523    4.970    0.000   -0.030    0.000 
0 5 0 0 10 170    2.523    2.523    4.970    0.000   -0.030    0.000 
5 0 1 0 10 30    4.793    0.367    5.038    1.016    0.038    0.016 
5 0 0 1 170 150    4.793    0.367   -5.038    1.016    0.038    0.016 
0 5 1 0 170 150    4.793    0.367   -5.038    1.016    0.038    0.016 
0 5 0 1 10 30    4.793    0.367    5.038    1.016    0.038    0.016 
5 0 2 0 10 30    2.246    3.258    5.033    2.019    0.033    0.019 
5 0 0 2 170 150    2.246    3.258   -5.033    2.019    0.033    0.019 
0 5 2 0 170 150    2.246    3.258   -5.033    2.019    0.033    0.019 
0 5 0 2 10 30    2.246    3.258    5.033    2.019    0.033    0.019 
5 0 3 0 30 50    5.562    0.297    5.008    3.009    0.008    0.009 
5 0 0 3 150 130    5.562    0.297   -5.008    3.009    0.008    0.009 
0 5 3 0 150 130    5.562    0.297   -5.008    3.009    0.008    0.009 
0 5 0 3 30 50    5.562    0.297    5.008    3.009    0.008    0.009 
5 0 4 0 30 50    3.672    2.844    5.008    4.014    0.008    0.014 
5 0 0 4 150 130    3.672    2.844   -5.008    4.014    0.008    0.014 
0 5 4 0 150 130    3.672    2.844   -5.008    4.014    0.008    0.014 
0 5 0 4 30 50    3.672    2.844    5.008    4.014    0.008    0.014 
5 0 5 0 30 50    1.777    5.391    5.004    5.018    0.004    0.018 
5 0 0 5 150 130    1.777    5.391   -5.004    5.018    0.004    0.018 
0 5 5 0 150 130    1.777    5.391   -5.004    5.018    0.004    0.018 
0 5 0 5 30 50    1.777    5.391    5.004    5.018    0.004    0.018 
5 0 17 0 70 90   14.688    3.336    5.023   17.138    0.023    0.138 
5 0 0 17 110 90   14.688    3.336   -5.023   17.138    0.023    0.138 
0 5 17 0 110 90   14.688    3.336   -5.023   17.138    0.023    0.138 
0 5 0 17 70 90   14.688    3.336    5.023   17.138    0.023    0.138 
5 0 73 0 70 90   14.688   59.883    5.023   73.685    0.023    0.685 
5 0 0 73 110 90   14.688   59.883   -5.023   73.685    0.023    0.685 
0 5 73 0 110 90   14.688   59.883   -5.023   73.685    0.023    0.685 
0 5 0 73 70 90   14.688   59.883    5.023   73.685    0.023    0.685 
5 0 97 0 70 90   14.688   84.117    5.023   97.919    0.023    0.919 
5 0 0 97 110 90   14.688   84.117   -5.023   97.919    0.023    0.919 
0 5 97 0 110 90   14.688   84.117   -5.023   97.919    0.023    0.919 
0 5 0 97 70 90   14.688   84.117    5.023   97.919    0.023    0.919 
5 0 168 0 70 90   14.688  155.812    5.023  169.614    0.023    1.614 
5 0 0 168 110 90   14.688  155.812   -5.023  169.614    0.023    1.614 
0 5 168 0 110 90   14.688  155.812   -5.023  169.614    0.023    1.614 
0 5 0 168 70 90   14.688  155.812    5.023  169.614    0.023    1.614 
5 0 193 0 70 90   14.688  181.055    5.023  194.856    0.023    1.856 
5 0 0 193 110 90   14.688  181.055   -5.023  194.856    0.023    1.856 
0 5 193 0 110 90   14.688  181.055   -5.023  194.856    0.023    1.856 
0 5 0 193 70 90   14.688  181.055    5.023  194.856    0.023    1.856 
5 0 244 0 70 90   14.688  232.555    5.023  246.356    0.023    2.356 
5 0 0 244 110 90   14.688  232.555   -5.023  246.356    0.023    2.356 
0 5 244 0 110 90   14.688  232.555   -5.023  246.356    0.023    2.356 
0 5 0 244 70 90   14.688  232.555    5.023  246.356    0.023    2.356 
5 0 250 0 70 90   14.688  238.613    5.023  252.415    0.023    2.415 
5 0 0 250 110 90   14.688  238.613   -5.023  252.415    0.023    2.415 
0 5 250 0 110 90   14.688  238.613   -5.023  252.415    0.023    2.415 
0 5 0 250 70 90   14.688  238.613    5.023  252.415    0.023    2.415 
5 0 255 0 70 90   14.688  243.660    5.023  257.462    0.023    2.462 
5 0 0 255 110 90   14.688  243.660   -5.023  257.462    0.023    2.462 
0 5 255 0 110 90   14.688  243.660   -5.023  257.462    0.023    2.462 
0 5 0 255 70 90   14.688  243.660    5.023  257.462    0.023    2.462 
43 0 0 0 170 10   21.707   21.707   42.755    0.000   -0.245    0.000 
43 0 0 0 170 10   21.707   21.707   42.755    0.000   -0.245    0.000 
0 43 0 0 10 170   21.707   21.707   42.755    0.000   -0.245    0.000 
0 43 0 0 10 170   21.707   21.707   42.755    0.000   -0.245    0.000 
43 0 1 0 170 10   18.816   24.602   42.758   -1.005   -0.242    0.005 
43 0 0 1 10 170   18.816   24.602   42.758   -1.005   -0.242    0.005 
0 43 1 0 10 170   18.816   24.602   42.758   -1.005   -0.242    0.005 
0 43 0 1 170 10   18.816   24.602   42.758   -1.005   -0.242    0.005 
43 0 2 0 170 10   15.926   27.492   42.758   -2.008   -0.242    0.008 
43 0 0 2 10 170   15.926   27.492   42.758   -2.008   -0.242    0.008 
0 43 2 0 10 170   15.926   27.492   42.758   -2.008   -0.242    0.008 
0 43 0 2 170 10   15.926   27.492   42.758   -2.008   -0.242    0.008 
43 0 3 0 170 10   13.035   30.383   42.758   -3.012   -0.242    0.012 
43 0 0 3 10 170   13.035   30.383   42.758   -3.012   -0.242    0.012 
0 43 3 0 10 170   13.035   30.383   42.758   -3.012   -0.242    0.012 
0 43 0 3 170 10   13.035   30.383   42.758   -3.012   -0.242    0.012 
43 0 4 0 170 10   10.141   33.273   42.755   -4.017   -0.245    0.017 
43 0 0 4 10 170   10.141   33.273   42.755   -4.017   -0.245    0.017 
0 43 4 0 10 170   10.141   33.273   42.755   -4.017   -0.245    0.017 
0 43 0 4 170 10   10.141   33.273   42.755   -4.017   -0.245    0.017 
43 0 5 0 170 10    7.250   36.168   42.758   -5.022   -0.242    0.022 
43 0 0 5 10 170    7.250   36.168   42.758   -5.022   -0.242    0.022 
0 43 5 0 10 170    7.250   36.168   42.758   -5.022   -0.242    0.022 
0 43 0 5 170 10    7.250   36.168   42.758   -5.022   -0.242    0.022 
43 0 17 0 10 30   19.848   27.445   43.314   17.169    0.314    0.169 
43 0 0 17 170 150   19.848   27.445  -43.314   17.169    0.314    0.169 
0 43 17 0 170 150   19.848   27.445  -43.314   17.169    0.314    0.169 
0 43 0 17 10 30   19.848   27.445   43.314   17.169    0.314    0.169 
43 0 73 0 50 70   45.195   41.500   43.245   73.619    0.245    0.619 
43 0 0 73 130 110   45.195   41.500  -43.245   73.619    0.245    0.619 
0 43 73 0 130 110   45.195   41.500  -43.245   73.619    0.245    0.619 
0 43 0 73 50 70   45.195   41.500   43.245   73.619    0.245    0.619 
43 0 97 0 50 70   20.961   86.941   43.209   97.755    0.209    0.755 
43 0 0 97 130 110   20.961   86.941  -43.209   97.755    0.209    0.755 
0 43 97 0 130 110   20.961   86.941  -43.209   97.755    0.209    0.755 
0 43 0 97 50 70   20.961   86.941   43.209   97.755    0.209    0.755 
43 0 168 0 70 90  126.312   50.727   43.201  169.421    0.201    1.421 
43 0 0 168 110 90  126.312   50.727  -43.201  169.421    0.201    1.421 
0 43 168 0 110 90  126.312   50.727  -43.201  169.421    0.201    1.421 
0 43 0 168 70 90  126.312   50.727   43.201  169.421    0.201    1.421 
43 0 193 0 70 90  126.312   75.973   43.201  194.668    0.201    1.668 
43 0 0 193 110 90  126.312   75.973  -43.201  194.668    0.201    1.668 
0 43 193 0 110 90  126.312   75.973  -43.201  194.668    0.201    1.668 
0 43 0 193 70 90  126.312   75.973   43.201  194.668    0.201    1.668 
43 0 244 0 70 90  126.312  127.469   43.201  246.164    0.201    2.164 
43 0 0 244 110 90  126.312  127.469  -43.201  246.164    0.201    2.164 
0 43 244 0 110 90  126.312  127.469  -43.201  246.164    0.201    2.164 
0 43 0 244 70 90  126.312  127.469   43.201  246.164    0.201    2.164 
43 0 250 0 70 90  126.312  133.527   43.201  252.222    0.201    2.222 
43 0 0 250 110 90  126.312  133.527  -43.201  252.222    0.201    2.222 
0 43 250 0 110 90  126.312  133.527  -43.201  252.222    0.201    2.222 
0 43 0 250 70 90  126.312  133.527   43.201  252.222    0.201    2.222 
43 0 255 0 70 90  126.312  138.578   43.201  257.273    0.201    2.273 
43 0 0 255 110 90  126.312  138.578  -43.201  257.273    0.201    2.273 
0 43 255 0 110 90  126.312  138.578  -43.201  257.273    0.201    2.273 
0 43 0 255 70 90  126.312  138.578   43.201  257.273    0.201    2.273 
56 0 0 0 170 10   28.273   28.273   55.688    0.000   -0.312    0.000 
56 0 0 0 170 10   28.273   28.273   55.688    0.000   -0.312    0.000 
0 56 0 0 10 170   28.273   28.273   55.688    0.000   -0.312    0.000 
0 56 0 0 10 170   28.273   28.273   55.688    0.000   -0.312    0.000 
56 0 1 0 170 10   25.379   31.164   55.684   -1.005   -0.316    0.005 
56 0 0 1 10 170   25.379   31.164   55.684   -1.005   -0.316    0.005 
0 56 1 0 10 170   25.379   31.164   55.684   -1.005   -0.316    0.005 
0 56 0 1 170 10   25.379   31.164   55.684   -1.005   -0.316    0.005 
56 0 2 0 170 10   22.488   34.055   55.684   -2.008   -0.316    0.008 
56 0 0 2 10 170   22.488   34.055   55.684   -2.008   -0.316    0.008 
0 56 2 0 10 170   22.488   34.055   55.684   -2.008   -0.316    0.008 
0 56 0 2 170 10   22.488   34.055   55.684   -2.008   -0.316    0.008 
56 0 3 0 170 10   19.598   36.945   55.684   -3.012   -0.316    0.012 
56 0 0 3 10 170   19.598   36.945   55.684   -3.012   -0.316    0.012 
0 56 3 0 10 170   19.598   36.945   55.684   -3.012   -0.316    0.012 
0 56 0 3 170 10   19.598   36.945   55.684   -3.012   -0.316    0.012 
56 0 4 0 170 10   16.707   39.840   55.688   -4.017   -0.312    0.017 
56 0 0 4 10 170   16.707   39.840   55.688   -4.017   -0.312    0.017 
0 56 4 0 10 170   16.707   39.840   55.688   -4.017   -0.312    0.017 
0 56 0 4 170 10   16.707   39.840   55.688   -4.017   -0.312    0.017 
56 0 5 0 170 10   13.812   42.730   55.684   -5.022   -0.316    0.022 
56 0 0 5 10 170   13.812   42.730   55.684   -5.022   -0.316    0.022 
0 56 5 0 10 170   13.812   42.730   55.684   -5.022   -0.316    0.022 
0 56 0 5 170 10   13.812   42.730   55.684   -5.022   -0.316    0.022 
56 0 17 0 10 30   38.941   20.883   56.435   17.204    0.435    0.204 
56 0 0 17 170 150   38.941   20.883  -56.435   17.204    0.435    0.204 
0 56 17 0 170 150   38.941   20.883  -56.435   17.204    0.435    0.204 
0 56 0 17 10 30   38.941   20.883   56.435   17.204    0.435    0.204 
56 0 73 0 50 70   81.148   12.266   56.356   73.689    0.356    0.689 
56 0 0 73 130 110   81.148   12.266  -56.356   73.689    0.356    0.689 
0 56 73 0 130 110   81.148   12.266  -56.356   73.689    0.356    0.689 
0 56 0 73 50 70   81.148   12.266   56.356   73.689    0.356    0.689 
56 0 97 0 50 70   56.914   57.703   56.319   97.822    0.319    0.822 
56 0 0 97 130 110   56.914   57.703  -56.319   97.822    0.319    0.822 
0 56 97 0 130 110   56.914   57.703  -56.319   97.822    0.319    0.822 
0 56 0 97 50 70   56.914   57.703   56.319   97.822    0.319    0.822 
56 0 168 0 70 90  164.500   14.777   56.262  169.357    0.262    1.357 
56 0 0 168 110 90  164.500   14.777  -56.262  169.357    0.262    1.357 
0 56 168 0 110 90  164.500   14.777  -56.262  169.357    0.262    1.357 
0 56 0 168 70 90  164.500   14.777   56.262  169.357    0.262    1.357 
56 0 193 0 70 90  164.500   40.023   56.262  194.603    0.262    1.603 
56 0 0 193 110 90  164.500   40.023  -56.262  194.603    0.262    1.603 
0 56 193 0 110 90  164.500   40.023  -56.262  194.603    0.262    1.603 
0 56 0 193 70 90  164.500   40.023   56.262  194.603    0.262    1.603 
56 0 244 0 70 90  164.500   91.520   56.262  246.099    0.262    2.099 
56 0 0 244 110 90  164.500   91.520  -56.262  246.099    0.262    2.099 
0 56 244 0 110 90  164.500   91.520  -56.262  246.099    0.262    2.099 
0 56 0 244 70 90  164.500   91.520   56.262  246.099    0.262    2.099 
56 0 250 0 70 90  164.500   97.578   56.262  252.158    0.262    2.158 
56 0 0 250 110 90  164.500   97.578  -56.262  252.158    0.262    2.158 
0 56 250 0 110 90  164.500   97.578  -56.262  252.158    0.262    2.158 
0 56 0 250 70 90  164.500   97.578   56.262  252.158    0.262    2.158 
56 0 255 0 70 90  164.500  102.629   56.262  257.208    0.262    2.208 
56 0 0 255 110 90  164.500  102.629  -56.262  257.208    0.262    2.208 
0 56 255 0 110 90  164.500  102.629  -56.262  257.208    0.262    2.208 
0 56 0 255 70 90  164.500  102.629   56.262  257.208    0.262    2.208 
230 0 0 0 170 10  116.121  116.121  228.714    0.000   -1.286    0.000 
230 0 0 0 170 10  116.121  116.121  228.714    0.000   -1.286    0.000 
0 230 0 0 10 170  116.121  116.121  228.714    0.000   -1.286    0.000 
0 230 0 0 10 170  116.121  116.121  228.714    0.000   -1.286    0.000 
230 0 1 0 170 10  113.230  119.012  228.714   -1.004   -1.286    0.004 
230 0 0 1 10 170  113.230  119.012  228.714   -1.004   -1.286    0.004 
0 230 1 0 10 170  113.230  119.012  228.714   -1.004   -1.286    0.004 
0 230 0 1 170 10  113.230  119.012  228.714   -1.004   -1.286    0.004 
230 0 2 0 170 10  110.340  121.906  228.718   -2.008   -1.282    0.008 
230 0 0 2 10 170  110.340  121.906  228.718   -2.008   -1.282    0.008 
0 230 2 0 10 170  110.340  121.906  228.718   -2.008   -1.282    0.008 
0 230 0 2 170 10  110.340  121.906  228.718   -2.008   -1.282    0.008 
230 0 3 0 170 10  107.445  124.797  228.714   -3.013   -1.286    0.013 
230 0 0 3 10 170  107.445  124.797  228.714   -3.013   -1.286    0.013 
0 230 3 0 10 170  107.445  124.797  228.714   -3.013   -1.286    0.013 
0 230 0 3 170 10  107.445  124.797  228.714   -3.013   -1.286    0.013 
230 0 4 0 170 10  104.555  127.688  228.714   -4.017   -1.286    0.017 
230 0 0 4 10 170  104.555  127.688  228.714   -4.017   -1.286    0.017 
0 230 4 0 10 170  104.555  127.688  228.714   -4.017   -1.286    0.017 
0 230 0 4 170 10  104.555  127.688  228.714   -4.017   -1.286    0.017 
230 0 5 0 170 10  101.664  130.578  228.714   -5.021   -1.286    0.021 
230 0 0 5 10 170  101.664  130.578  228.714   -5.021   -1.286    0.021 
0 230 5 0 10 170  101.664  130.578  228.714   -5.021   -1.286    0.021 
0 230 0 5 170 10  101.664  130.578  228.714   -5.021   -1.286    0.021 
230 0 17 0 170 10   66.965  165.277  228.714  -17.072   -1.286    0.072 
230 0 0 17 10 170   66.965  165.277  228.714  -17.072   -1.286    0.072 
0 230 17 0 10 170   66.965  165.277  228.714  -17.072   -1.286    0.072 
0 230 0 17 170 10   66.965  165.277  228.714  -17.072   -1.286    0.072 
230 0 73 0 10 30  151.852   94.961  231.783   73.849    1.783    0.849 
230 0 0 73 170 150  151.852   94.961 -231.783   73.849    1.783    0.849 
0 230 73 0 170 150  151.852   94.961 -231.783   73.849    1.783    0.849 
0 230 0 73 10 30  151.852   94.961  231.783   73.849    1.783    0.849 
230 0 97 0 10 30   90.715  164.359  231.676   97.932    1.676    0.932 
230 0 0 97 170 150   90.715  164.359 -231.676   97.932    1.676    0.932 
0 230 97 0 170 150   90.715  164.359 -231.676   97.932    1.676    0.932 
0 230 0 97 10 30   90.715  164.359  231.676   97.932    1.676    0.932 
230 0 168 0 30 50  199.199   90.145  230.455  168.654    0.455    0.654 
230 0 0 168 150 130  199.199   90.145 -230.455  168.654    0.455    0.654 
0 230 168 0 150 130  199.199   90.145 -230.455  168.654    0.455    0.654 
0 230 0 168 30 50  199.199   90.145  230.455  168.654    0.455    0.654 
230 0 193 0 30 50  151.863  153.828  230.396  193.771    0.396    0.771 
230 0 0 193 150 130  151.863  153.828 -230.396  193.771    0.396    0.771 
0 230 193 0 150 130  151.863  153.828 -230.396  193.771    0.396    0.771 
0 230 0 193 30 50  151.863  153.828  230.396  193.771    0.396    0.771 
230 0 244 0 30 50   55.305  283.742  230.281  245.011    0.281    1.011 
230 0 0 244 150 130   55.305  283.742 -230.281  245.011    0.281    1.011 
0 230 244 0 150 130   55.305  283.742 -230.281  245.011    0.281    1.011 
0 230 0 244 30 50   55.305  283.742  230.281  245.011    0.281    1.011 
230 0 250 0 30 50   43.945  299.027  230.269  251.041    0.269    1.041 
230 0 0 250 150 130   43.945  299.027 -230.269  251.041    0.269    1.041 
0 230 250 0 150 130   43.945  299.027 -230.269  251.041    0.269    1.041 
0 230 0 250 30 50   43.945  299.027  230.269  251.041    0.269    1.041 
230 0 255 0 30 50   34.480  311.762  230.258  256.064    0.258    1.064 
230 0 0 255 150 130   34.480  311.762 -230.258  256.064    0.258    1.064 
0 230 255 0 150 130   34.480  311.762 -230.258  256.064    0.258    1.064 
0 230 0 255 30 50   34.480  311.762  230.258  256.064    0.258    1.064 
91 0 0 0 170 10   45.941   45.941   90.487    0.000   -0.513    0.000 
91 0 0 0 170 10   45.941   45.941   90.487    0.000   -0.513    0.000 
0 91 0 0 10 170   45.941   45.941   90.487    0.000   -0.513    0.000 
0 91 0 0 10 170   45.941   45.941   90.487    0.000   -0.513    0.000 
91 0 1 0 170 10   43.051   48.836   90.491   -1.005   -0.509    0.005 
91 0 0 1 10 170   43.051   48.836   90.491   -1.005   -0.509    0.005 
0 91 1 0 10 170   43.051   48.836   90.491   -1.005   -0.509    0.005 
0 91 0 1 170 10   43.051   48.836   90.491   -1.005   -0.509    0.005 
91 0 2 0 170 10   40.160   51.727   90.491   -2.008   -0.509    0.008 
91 0 0 2 10 170   40.160   51.727   90.491   -2.008   -0.509    0.008 
0 91 2 0 10 170   40.160   51.727   90.491   -2.008   -0.509    0.008 
0 91 0 2 170 10   40.160   51.727   90.491   -2.008   -0.509    0.008 
91 0 3 0 170 10   37.270   54.617   90.491   -3.012   -0.509    0.012 
91 0 0 3 10 170   37.270   54.617   90.491   -3.012   -0.509    0.012 
0 91 3 0 10 170   37.270   54.617   90.491   -3.012   -0.509    0.012 
0 91 0 3 170 10   37.270   54.617   90.491   -3.012   -0.509    0.012 
91 0 4 0 170 10   34.375   57.508   90.487   -4.017   -0.513    0.017 
91 0 0 4 10 170   34.375   57.508   90.487   -4.017   -0.513    0.017 
0 91 4 0 10 170   34.375   57.508   90.487   -4.017   -0.513    0.017 
0 91 0 4 170 10   34.375   57.508   90.487   -4.017   -0.513    0.017 
91 0 5 0 170 10   31.484   60.402   90.491   -5.022   -0.509    0.022 
91 0 0 5 10 170   31.484   60.402   90.491   -5.022   -0.509    0.022 
0 91 5 0 10 170   31.484   60.402   90.491   -5.022   -0.509    0.022 
0 91 0 5 170 10   31.484   60.402   90.491   -5.022   -0.509    0.022 
91 0 17 0 10 30   90.348    3.211   91.756   17.294    0.756    0.294 
91 0 0 17 170 150   90.348    3.211  -91.756   17.294    0.756    0.294 
0 91 17 0 170 150   90.348    3.211  -91.756   17.294    0.756    0.294 
0 91 0 17 10 30   90.348    3.211   91.756   17.294    0.756    0.294 
91 0 73 0 30 50   66.449   52.301   91.165   73.289    0.165    0.289 
91 0 0 73 150 130   66.449   52.301  -91.165   73.289    0.165    0.289 
0 91 73 0 150 130   66.449   52.301  -91.165   73.289    0.165    0.289 
0 91 0 73 30 50   66.449   52.301   91.165   73.289    0.165    0.289 
91 0 97 0 30 50   21.008  113.438   91.110   97.402    0.110    0.402 
91 0 0 97 150 130   21.008  113.438  -91.110   97.402    0.110    0.402 
0 91 97 0 150 130   21.008  113.438  -91.110   97.402    0.110    0.402 
0 91 0 97 30 50   21.008  113.438   91.110   97.402    0.110    0.402 
91 0 168 0 50 70   82.008  113.414   91.503  169.396    0.503    1.396 
91 0 0 168 130 110   82.008  113.414  -91.503  169.396    0.503    1.396 
0 91 168 0 130 110   82.008  113.414  -91.503  169.396    0.503    1.396 
0 91 0 168 50 70   82.008  113.414   91.503  169.396    0.503    1.396 
91 0 193 0 50 70   56.762  160.746   91.464  194.534    0.464    1.534 
91 0 0 193 130 110   56.762  160.746  -91.464  194.534    0.464    1.534 
0 91 193 0 130 110   56.762  160.746  -91.464  194.534    0.464    1.534 
0 91 0 193 50 70   56.762  160.746   91.464  194.534    0.464    1.534 
91 0 244 0 50 70    5.266  257.305   91.388  245.821    0.388    1.821 
91 0 0 244 130 110    5.266  257.305  -91.388  245.821    0.388    1.821 
0 91 244 0 130 110    5.266  257.305  -91.388  245.821    0.388    1.821 
0 91 0 244 50 70    5.266  257.305   91.388  245.821    0.388    1.821 
91 0 250 0 50 70    0.000  268.664   91.889  252.462    0.889    2.462 
91 0 0 250 130 110    0.000  268.664  -91.889  252.462    0.889    2.462 
0 91 250 0 130 110    0.000  268.664  -91.889  252.462    0.889    2.462 
0 91 0 250 50 70    0.000  268.664   91.889  252.462    0.889    2.462 
91 0 255 0 70 90  267.312    5.840   91.426  257.031    0.426    2.031 
91 0 0 255 110 90  267.312    5.840  -91.426  257.031    0.426    2.031 
0 91 255 0 110 90  267.312    5.840  -91.426  257.031    0.426    2.031 
0 91 0 255 70 90  267.312    5.840   91.426  257.031    0.426    2.031 
3 0 0 0 170 10    1.512    1.512    2.978    0.000   -0.022    0.000 
3 0 0 0 170 10    1.512    1.512    2.978    0.000   -0.022    0.000 
0 3 0 0 10 170    1.512    1.512    2.978    0.000   -0.022    0.000 
0 3 0 0 10 170    1.512    1.512    2.978    0.000   -0.022    0.000 
3 0 1 0 10 30    1.855    1.375    3.018    1.010    0.018    0.010 
3 0 0 1 170 150    1.855    1.375   -3.018    1.010    0.018    0.010 
0 3 1 0 170 150    1.855    1.375   -3.018    1.010    0.018    0.010 
0 3 0 1 10 30    1.855    1.375    3.018    1.010    0.018    0.010 
3 0 2 0 30 50    2.957    0.688    3.003    2.005    0.003    0.005 
3 0 0 2 150 130    2.957    0.688   -3.003    2.005    0.003    0.005 
0 3 2 0 150 130    2.957    0.688   -3.003    2.005    0.003    0.005 
0 3 0 2 30 50    2.957    0.688    3.003    2.005    0.003    0.005 
3 0 3 0 30 50    1.066    3.234    3.003    3.011    0.003    0.011 
3 0 0 3 150 130    1.066    3.234   -3.003    3.011    0.003    0.011 
0 3 3 0 150 130    1.066    3.234   -3.003    3.011    0.003    0.011 
0 3 0 3 30 50    1.066    3.234    3.003    3.011    0.003    0.011 
3 0 4 0 50 70    4.254    0.824    3.016    4.033    0.016    0.033 
3 0 0 4 130 110    4.254    0.824   -3.016    4.033    0.016    0.033 
0 3 4 0 130 110    4.254    0.824   -3.016    4.033    0.016    0.033 
0 3 0 4 50 70    4.254    0.824    3.016    4.033    0.016    0.033 
3 0 5 0 50 70    3.246    2.719    3.016    5.041    0.016    0.041 
3 0 0 5 130 110    3.246    2.719   -3.016    5.041    0.016    0.041 
0 3 5 0 130 110    3.246    2.719   -3.016    5.041    0.016    0.041 
0 3 0 5 50 70    3.246    2.719    3.016    5.041    0.016    0.041 
3 0 17 0 70 90    8.812    8.867    3.014   17.148    0.014    0.148 
3 0 0 17 110 90    8.812    8.867   -3.014   17.148    0.014    0.148 
0 3 17 0 110 90    8.812    8.867   -3.014   17.148    0.014    0.148 
0 3 0 17 70 90    8.812    8.867    3.014   17.148    0.014    0.148 
3 0 73 0 70 90    8.812   65.414    3.014   73.695    0.014    0.695 
3 0 0 73 110 90    8.812   65.414   -3.014   73.695    0.014    0.695 
0 3 73 0 110 90    8.812   65.414   -3.014   73.695    0.014    0.695 
0 3 0 73 70 90    8.812   65.414    3.014   73.695    0.014    0.695 
3 0 97 0 70 90    8.812   89.648    3.014   97.929    0.014    0.929 
3 0 0 97 110 90    8.812   89.648   -3.014   97.929    0.014    0.929 
0 3 97 0 110 90    8.812   89.648   -3.014   97.929    0.014    0.929 
0 3 0 97 70 90    8.812   89.648    3.014   97.929    0.014    0.929 
3 0 168 0 70 90    8.812  161.344    3.014  169.625    0.014    1.625 
3 0 0 168 110 90    8.812  161.344   -3.014  169.625    0.014    1.625 
0 3 168 0 110 90    8.812  161.344   -3.014  169.625    0.014    1.625 
0 3 0 168 70 90    8.812  161.344    3.014  169.625    0.014    1.625 
3 0 193 0 70 90    8.812  186.586    3.014  194.867    0.014    1.867 
3 0 0 193 110 90    8.812  186.586   -3.014  194.867    0.014    1.867 
0 3 193 0 110 90    8.812  186.586   -3.014  194.867    0.014    1.867 
0 3 0 193 70 90    8.812  186.586    3.014  194.867    0.014    1.867 
3 0 244 0 70 90    8.812  238.086    3.014  246.367    0.014    2.367 
3 0 0 244 110 90    8.812  238.086   -3.014  246.367    0.014    2.367 
0 3 244 0 110 90    8.812  238.086   -3.014  246.367    0.014    2.367 
0 3 0 244 70 90    8.812  238.086    3.014  246.367    0.014    2.367 
3 0 250 0 70 90    8.812  244.145    3.014  252.426    0.014    2.426 
3 0 0 250 110 90    8.812  244.145   -3.014  252.426    0.014    2.426 
0 3 250 0 110 90    8.812  244.145   -3.014  252.426    0.014    2.426 
0 3 0 250 70 90    8.812  244.145    3.014  252.426    0.014    2.426 
3 0 255 0 70 90    8.812  249.191    3.014  257.472    0.014    2.472 
3 0 0 255 110 90    8.812  249.191   -3.014  257.472    0.014    2.472 
0 3 255 0 110 90    8.812  249.191   -3.014  257.472    0.014    2.472 
0 3 0 255 70 90    8.812  249.191    3.014  257.472    0.014    2.472 
97 0 0 0 170 10   48.973   48.973   96.457    0.000   -0.543    0.000 
97 0 0 0 170 10   48.973   48.973   96.457    0.000   -0.543    0.000 
0 97 0 0 10 170   48.973   48.973   96.457    0.000   -0.543    0.000 
0 97 0 0 10 170   48.973   48.973   96.457    0.000   -0.543    0.000 
97 0 1 0 170 10   46.082   51.863   96.457   -1.004   -0.543    0.004 
97 0 0 1 10 170   46.082   51.863   96.457   -1.004   -0.543    0.004 
0 97 1 0 10 170   46.082   51.863   96.457   -1.004   -0.543    0.004 
0 97 0 1 170 10   46.082   51.863   96.457   -1.004   -0.543    0.004 
97 0 2 0 170 10   43.188   54.754   96.453   -2.008   -0.547    0.008 
97 0 0 2 10 170   43.188   54.754   96.453   -2.008   -0.547    0.008 
0 97 2 0 10 170   43.188   54.754   96.453   -2.008   -0.547    0.008 
0 97 0 2 170 10   43.188   54.754   96.453   -2.008   -0.547    0.008 
97 0 3 0 170 10   40.297   57.648   96.457   -3.013   -0.543    0.013 
97 0 0 3 10 170   40.297   57.648   96.457   -3.013   -0.543    0.013 
0 97 3 0 10 170   40.297   57.648   96.457   -3.013   -0.543    0.013 
0 97 0 3 170 10   40.297   57.648   96.457   -3.013   -0.543    0.013 
97 0 4 0 170 10   37.406   60.539   96.457   -4.017   -0.543    0.017 
97 0 0 4 10 170   37.406   60.539   96.457   -4.017   -0.543    0.017 
0 97 4 0 10 170   37.406   60.539   96.457   -4.017   -0.543    0.017 
0 97 0 4 170 10   37.406   60.539   96.457   -4.017   -0.543    0.017 
97 0 5 0 170 10   34.516   63.430   96.457   -5.021   -0.543    0.021 
97 0 0 5 10 170   34.516   63.430   96.457   -5.021   -0.543    0.021 
0 97 5 0 10 170   34.516   63.430   96.457   -5.021   -0.543    0.021 
0 97 0 5 170 10   34.516   63.430   96.457   -5.021   -0.543    0.021 
97 0 17 0 170 10    0.000   98.129   96.638  -17.040   -0.362    0.040 
97 0 0 17 10 170    0.000   98.129   96.638  -17.040   -0.362    0.040 
0 97 17 0 10 170    0.000   98.129   96.638  -17.040   -0.362    0.040 
0 97 0 17 170 10    0.000   98.129   96.638  -17.040   -0.362    0.040 
97 0 73 0 30 50   79.941   43.488   97.185   73.285    0.185    0.285 
97 0 0 73 150 130   79.941   43.488  -97.185   73.285    0.185    0.285 
0 97 73 0 150 130   79.941   43.488  -97.185   73.285    0.185    0.285 
0 97 0 73 30 50   79.941   43.488   97.185   73.285    0.185    0.285 
97 0 97 0 30 50   34.504  104.625   97.133   97.399    0.133    0.399 
97 0 0 97 150 130   34.504  104.625  -97.133   97.399    0.133    0.399 
0 97 97 0 150 130   34.504  104.625  -97.133   97.399    0.133    0.399 
0 97 0 97 30 50   34.504  104.625   97.133   97.399    0.133    0.399 
97 0 168 0 50 70   98.598   99.918   97.551  169.422    0.551    1.422 
97 0 0 168 130 110   98.598   99.918  -97.551  169.422    0.551    1.422 
0 97 168 0 130 110   98.598   99.918  -97.551  169.422    0.551    1.422 
0 97 0 168 50 70   98.598   99.918   97.551  169.422    0.551    1.422 
97 0 193 0 50 70   73.355  147.250   97.514  194.563    0.514    1.563 
97 0 0 193 130 110   73.355  147.250  -97.514  194.563    0.514    1.563 
0 97 193 0 130 110   73.355  147.250  -97.514  194.563    0.514    1.563 
0 97 0 193 50 70   73.355  147.250   97.514  194.563    0.514    1.563 
97 0 244 0 50 70   21.855  243.812   97.437  245.851    0.437    1.851 
97 0 0 244 130 110   21.855  243.812  -97.437  245.851    0.437    1.851 
0 97 244 0 130 110   21.855  243.812  -97.437  245.851    0.437    1.851 
0 97 0 244 50 70   21.855  243.812   97.437  245.851    0.437    1.851 
97 0 250 0 50 70   15.797  255.172   97.428  251.884    0.428    1.884 
97 0 0 250 130 110   15.797  255.172  -97.428  251.884    0.428    1.884 
0 97 250 0 130 110   15.797  255.172  -97.428  251.884    0.428    1.884 
0 97 0 250 50 70   15.797  255.172   97.428  251.884    0.428    1.884 
97 0 255 0 50 70   10.750  264.637   97.421  256.912    0.421    1.912 
97 0 0 255 130 110   10.750  264.637  -97.421  256.912    0.421    1.912 
0 97 255 0 130 110   10.750  264.637  -97.421  256.912    0.421    1.912 
0 97 0 255 50 70   10.750  264.637   97.421  256.912    0.421    1.912 
87 0 0 0 170 10   43.922   43.922   86.509    0.000   -0.491    0.000 
87 0 0 0 170 10   43.922   43.922   86.509    0.000   -0.491    0.000 
0 87 0 0 10 170   43.922   43.922   86.509    0.000   -0.491    0.000 
0 87 0 0 10 170   43.922   43.922   86.509    0.000   -0.491    0.000 
87 0 1 0 170 10   41.031   46.816   86.513   -1.005   -0.487    0.005 
87 0 0 1 10 170   41.031   46.816   86.513   -1.005   -0.487    0.005 
0 87 1 0 10 170   41.031   46.816   86.513   -1.005   -0.487    0.005 
0 87 0 1 170 10   41.031   46.816   86.513   -1.005   -0.487    0.005 
87 0 2 0 170 10   38.141   49.707   86.513   -2.008   -0.487    0.008 
87 0 0 2 10 170   38.141   49.707   86.513   -2.008   -0.487    0.008 
0 87 2 0 10 170   38.141   49.707   86.513   -2.008   -0.487    0.008 
0 87 0 2 170 10   38.141   49.707   86.513   -2.008   -0.487    0.008 
87 0 3 0 170 10   35.250   52.598   86.513   -3.012   -0.487    0.012 
87 0 0 3 10 170   35.250   52.598   86.513   -3.012   -0.487    0.012 
0 87 3 0 10 170   35.250   52.598   86.513   -3.012   -0.487    0.012 
0 87 0 3 170 10   35.250   52.598   86.513   -3.012   -0.487    0.012 
87 0 4 0 170 10   32.355   55.488   86.509   -4.017   -0.491    0.017 
87 0 0 4 10 170   32.355   55.488   86.509   -4.017   -0.491    0.017 
0 87 4 0 10 170   32.355   55.488   86.509   -4.017   -0.491    0.017 
0 87 0 4 170 10   32.355   55.488   86.509   -4.017   -0.491    0.017 
87 0 5 0 170 10   29.465   58.383   86.513   -5.022   -0.487    0.022 
87 0 0 5 10 170   29.465   58.383   86.513   -5.022   -0.487    0.022 
0 87 5 0 10 170   29.465   58.383   86.513   -5.022   -0.487    0.022 
0 87 0 5 170 10   29.465   58.383   86.513   -5.022   -0.487    0.022 
87 0 17 0 10 30   84.473    5.230   87.719   17.284    0.719    0.284 
87 0 0 17 170 150   84.473    5.230  -87.719   17.284    0.719    0.284 
0 87 17 0 170 150   84.473    5.230  -87.719   17.284    0.719    0.284 
0 87 0 17 10 30   84.473    5.230   87.719   17.284    0.719    0.284 
87 0 73 0 30 50   57.453   58.176   87.151   73.292    0.151    0.292 
87 0 0 73 150 130   57.453   58.176  -87.151   73.292    0.151    0.292 
0 87 73 0 150 130   57.453   58.176  -87.151   73.292    0.151    0.292 
0 87 0 73 30 50   57.453   58.176   87.151   73.292    0.151    0.292 
87 0 97 0 30 50   12.012  119.312   87.095   97.405    0.095    0.405 
87 0 0 97 150 130   12.012  119.312  -87.095   97.405    0.095    0.405 
0 87 97 0 150 130   12.012  119.312  -87.095   97.405    0.095    0.405 
0 87 0 97 30 50   12.012  119.312   87.095   97.405    0.095    0.405 
87 0 168 0 50 70   70.945  122.410   87.470  169.375    0.470    1.375 
87 0 0 168 130 110   70.945  122.410  -87.470  169.375    0.470    1.375 
0 87 168 0 130 110   70.945  122.410  -87.470  169.375    0.470    1.375 
0 87 0 168 50 70   70.945  122.410   87.470  169.375    0.470    1.375 
87 0 193 0 50 70   45.703  169.742   87.433  194.516    0.433    1.516 
87 0 0 193 130 110   45.703  169.742  -87.433  194.516    0.433    1.516 
0 87 193 0 130 110   45.703  169.742  -87.433  194.516    0.433    1.516 
0 87 0 193 50 70   45.703  169.742   87.433  194.516    0.433    1.516 
87 0 244 0 70 90  255.562    5.793   87.408  245.943    0.408    1.943 
87 0 0 244 110 90  255.562    5.793  -87.408  245.943    0.408    1.943 
0 87 244 0 110 90  255.562    5.793  -87.408  245.943    0.408    1.943 
0 87 0 244 70 90  255.562    5.793   87.408  245.943    0.408    1.943 
87 0 250 0 70 90  255.562   11.852   87.408  252.002    0.408    2.002 
87 0 0 250 110 90  255.562   11.852  -87.408  252.002    0.408    2.002 
0 87 250 0 110 90  255.562   11.852  -87.408  252.002    0.408    2.002 
0 87 0 250 70 90  255.562   11.852   87.408  252.002    0.408    2.002 
87 0 255 0 70 90  255.562   16.898   87.408  257.049    0.408    2.049 
87 0 0 255 110 90  255.562   16.898  -87.408  257.049    0.408    2.049 
0 87 255 0 110 90  255.562   16.898  -87.408  257.049    0.408    2.049 
0 87 0 255 70 90  255.562   16.898   87.408  257.049    0.408    2.049 
255 0 0 0 170 10  128.742  128.742  253.573    0.000   -1.427    0.000 
255 0 0 0 170 10  128.742  128.742  253.573    0.000   -1.427    0.000 
0 255 0 0 10 170  128.742  128.742  253.573    0.000   -1.427    0.000 
0 255 0 0 10 170  128.742  128.742  253.573    0.000   -1.427    0.000 
255 0 1 0 170 10  125.852  131.637  253.576   -1.005   -1.424    0.005 
255 0 0 1 10 170  125.852  131.637  253.576   -1.005   -1.424    0.005 
0 255 1 0 10 170  125.852  131.637  253.576   -1.005   -1.424    0.005 
0 255 0 1 170 10  125.852  131.637  253.576   -1.005   -1.424    0.005 
255 0 2 0 170 10  122.961  134.527  253.576   -2.008   -1.424    0.008 
255 0 0 2 10 170  122.961  134.527  253.576   -2.008   -1.424    0.008 
0 255 2 0 10 170  122.961  134.527  253.576   -2.008   -1.424    0.008 
0 255 0 2 170 10  122.961  134.527  253.576   -2.008   -1.424    0.008 
255 0 3 0 170 10  120.070  137.418  253.576   -3.012   -1.424    0.012 
255 0 0 3 10 170  120.070  137.418  253.576   -3.012   -1.424    0.012 
0 255 3 0 10 170  120.070  137.418  253.576   -3.012   -1.424    0.012 
0 255 0 3 170 10  120.070  137.418  253.576   -3.012   -1.424    0.012 
255 0 4 0 170 10  117.176  140.309  253.573   -4.017   -1.427    0.017 
255 0 0 4 10 170  117.176  140.309  253.573   -4.017   -1.427    0.017 
0 255 4 0 10 170  117.176  140.309  253.573   -4.017   -1.427    0.017 
0 255 0 4 170 10  117.176  140.309  253.573   -4.017   -1.427    0.017 
255 0 5 0 170 10  114.285  143.203  253.576   -5.022   -1.424    0.022 
255 0 0 5 10 170  114.285  143.203  253.576   -5.022   -1.424    0.022 
0 255 5 0 10 170  114.285  143.203  253.576   -5.022   -1.424    0.022 
0 255 0 5 170 10  114.285  143.203  253.576   -5.022   -1.424    0.022 
255 0 17 0 170 10   79.586  177.902  253.576  -17.072   -1.424    0.072 
255 0 0 17 10 170   79.586  177.902  253.576  -17.072   -1.424    0.072 
0 255 17 0 10 170   79.586  177.902  253.576  -17.072   -1.424    0.072 
0 255 0 17 170 10   79.586  177.902  253.576  -17.072   -1.424    0.072 
255 0 73 0 10 30  188.570   82.340  257.014   73.915    2.014    0.915 
255 0 0 73 170 150  188.570   82.340 -257.014   73.915    2.014    0.915 
0 255 73 0 170 150  188.570   82.340 -257.014   73.915    2.014    0.915 
0 255 0 73 10 30  188.570   82.340  257.014   73.915    2.014    0.915 
255 0 97 0 10 30  127.434  151.738  256.907   97.998    1.907    0.998 
255 0 0 97 170 150  127.434  151.738 -256.907   97.998    1.907    0.998 
0 255 97 0 170 150  127.434  151.738 -256.907   97.998    1.907    0.998 
0 255 0 97 10 30  127.434  151.738  256.907   97.998    1.907    0.998 
255 0 168 0 30 50  255.422   53.426  255.543  168.637    0.543    0.637 
255 0 0 168 150 130  255.422   53.426 -255.543  168.637    0.543    0.637 
0 255 168 0 150 130  255.422   53.426 -255.543  168.637    0.543    0.637 
0 255 0 168 30 50  255.422   53.426  255.543  168.637    0.543    0.637 
255 0 193 0 30 50  208.090  117.109  255.488  193.756    0.488    0.756 
255 0 0 193 150 130  208.090  117.109 -255.488  193.756    0.488    0.756 
0 255 193 0 150 130  208.090  117.109 -255.488  193.756    0.488    0.756 
0 255 0 193 30 50  208.090  117.109  255.488  193.756    0.488    0.756 
255 0 244 0 30 50  111.531  247.023  255.373  244.997    0.373    0.997 
255 0 0 244 150 130  111.531  247.023 -255.373  244.997    0.373    0.997 
0 255 244 0 150 130  111.531  247.023 -255.373  244.997    0.373    0.997 
0 255 0 244 30 50  111.531  247.023  255.373  244.997    0.373    0.997 
255 0 250 0 30 50  100.172  262.309  255.360  251.026    0.360    1.026 
255 0 0 250 150 130  100.172  262.309 -255.360  251.026    0.360    1.026 
0 255 250 0 150 130  100.172  262.309 -255.360  251.026    0.360    1.026 
0 255 0 250 30 50  100.172  262.309  255.360  251.026    0.360    1.026 
255 0 255 0 30 50   90.703  275.043  255.345  256.047    0.345    1.047 
255 0 0 255 150 130   90.703  275.043 -255.345  256.047    0.345    1.047 
0 255 255 0 150 130   90.703  275.043 -255.345  256.047    0.345    1.047 
0 255 0 255 30 50   90.703  275.043  255.345  256.047    0.345    1.047 
