0.041813
-0.11147
0.021932
0.057387
0.0027851
0
0
0
0.018104
0.026234
-0.055038
-0.043829
0.0057022
0.026007
0
0
0
-0.021852
0.02019
-0.061535
0.037361
-0.0023984
0.091265
0
0
0
-0.012108
0.070165
-0.00058612
0.02197
0.0043943
0.035674
0
0
0
0.0044362
0.029845
-0.039904
0.060385
0.040853
-0.021198
0
0
0
-0.011793
0.030232
-0.043319
0.006251
0.0024127
0.026962
0
0
0
-0.012773
0.073253
0.018186
0.029459
0.043015
0.034793
0
0
0
-0.024421
0.054108
0.036352
-0.0098994
-0.015115
0.023746
0
0
0
0.036357
0.044365
-0.053592
0.0041634
0.030666
-0.044791
0
0
0
0.026331
0.028304
-0.047587
-0.012835
0.045113
-0.016627
0
0
0
-0.02533
-0.0054265
0.010905
0.024832
-0.054297
-0.023914
0
0
0
-0.0029202
-0.020583
0.088963
0.11342
-0.046869
0.009513
0
0
0
-0.027528
0.074468
-0.045829
0.029643
0.040332
-0.034447
0
0
0
-0.0028608
0.027827
-0.066375
-0.0068065
0.0281
-0.070238
0
0
0
-0.041529
-0.012403
0.058338
0.16224
0.023394
-0.0040711
0
0
0
-0.028331
-0.0027777
-0.12571
0.047346
0.10591
-0.0012139
0
0
0
0.04174
0.046143
-0.051281
0.028837
0.062019
0.028061
0
0
0
-0.0015624
0.011043
-0.069522
0.017729
0.026197
-0.0087675
0
0
0
-0.033299
-0.001034
-0.029172
0.079375
0.046612
0.081456
0
0
0
0.022413
0.095877
-0.054481
-0.035019
0.019399
0.06909
0
0
0
0.034757
0.0099186
-0.054104
0.054609
0.057619
0.019095
0
0
0
-0.023626
0.07702
-0.10577
0.019593
0.012262
0.030426
0
0
0
-0.010532
0.017619
-0.043341
0.027563
0.031538
0.0097761
0
0
0
-0.018364
0.10706
-0.060725
0.032822
0.045716
0.010668
0
0
0
0.027996
0.059888
-0.094129
0.016031
0.055707
-0.034068
0
0
0
-0.0098563
0.057871
-0.093954
-0.0037726
0.014455
0.00023885
0
0
0
-0.01594
0.022007
-0.03767
0.023469
0.080548
-0.010002
0
0
0
-0.023252
0.10108
-0.01891
0.0068793
0.071923
0.048951
0
0
0
0.026209
0.059766
-0.033864
0.020075
0.027547
-0.059443
0
0
0
0.057074
0.022259
-0.011019
-0.0189
-0.00018118
0.0082044
0
0
0
0.0022457
0.0828
0.011438
0.039028
-0.0066711
0.0070451
0
0
0
0.024904
0.069398
-0.037468
0.039836
0.013949
0.014944
0
0
0
0.035373
0.041618
-0.070365
0.035846
0.029861
-0.011172
0
0
0
0.012773
-0.020878
0.0086035
0.024518
-0.0052419
0.0015753
0
0
0
-0.012929
0.021512
-0.042396
-0.061235
-0.0046073
0.03851
0
0
0
0.010482
0.12576
-0.0025496
-0.0079363
-0.0084613
0.0022401
0
0
0
0.041713
-0.022749
-0.066441
-0.026265
-0.014113
-0.017021
0
0
0
0.0037738
-0.055211
-0.10962
0.062958
-0.041635
-0.067492
0
0
0
-0.020875
-0.034947
-0.0199
-0.046927
-0.066448
-0.0074308
0
0
0
-0.050268
0.069684
0.11361
0.16539
0.040921
0.0034596
0
0
0
-0.10549
-0.050268
-0.10118
0.036799
0.014792
0.050114
0
0
0
-0.015308
-0.14956
-0.15854
-0.081372
-0.055272
0.079541
0
0
0
-0.046676
-0.039731
0.10762
0.13271
-0.0098232
-0.0049861
0
0
0
-0.1405
0.11001
-0.031557
-0.060296
-0.065988
0.17249
0
0
0
0.21621
-0.082351
-0.14586
-0.040854
0.10721
-0.005561
0
0
0
-0.0063707
-0.044824
-0.07152
-0.12089
-0.08392
-0.033409
0
0
0
-0.023508
0.12559
0.042488
0.012129
0.049905
0.11556
0
0
0
0.16045
0.065425
-0.0090895
-0.074888
-0.096453
-0.045138
0
0
0
0.036146
-0.0018403
-0.058527
0.019166
0.062657
-0.0081032
0
0
0
0.0073443
0.049872
-0.042737
0.0015219
0.011377
-0.036151
0
0
0
0.0043767
0.026017
-0.037602
-0.017291
0.04933
-0.013429
0
0
0
-0.018216
0.022306
-0.023439
0.039048
0.027966
-0.023377
0
0
0
-0.0070849
0.026063
-0.062985
0.025009
-0.016664
0.01422
0
0
0
0.00074715
0.018414
-0.037698
0.051203
-0.052326
-0.059655
0
0
0
-0.039209
0.0024665
0.0010897
0.016215
0.022521
-0.022486
0
0
0
-0.023601
0.059755
-0.0034676
0.05793
0.027331
-0.017857
0
0
0
0.013709
0.0099202
-0.062259
0.038874
0.042233
-0.012993
0
0
0
0.0037922
0.034858
0.019924
0.0062054
-0.030053
-0.010199
0
0
0
0.0353
0.067742
0.0039943
0.014675
0.066662
-0.050688
0
0
0
0.034002
0.0029011
-0.012963
-0.0098286
-0.035685
0.03622
0
0
0
0.047336
0.022187
0.014333
0.063918
-0.0060397
0.021722
0
0
0
0.038165
0.076686
-0.0070664
-0.024879
0.0051555
0.01246
0
0
0
0.01701
0.027509
0.011856
-0.0043708
0.015125
0.023898
0
0
0
0.043623
0.042009
0.13009
-0.024902
-0.052042
0.023548
0
0
0
0.039167
0.0098225
0.014171
0.05708
-0.040583
0.032175
0
0
0
0.0032953
0.06991
0.16491
-0.013476
-0.059019
0.11372
0
0
0
-0.12369
-0.081754
0.0014206
-0.014806
-0.020741
-0.046508
0
0
0
-0.0050866
-0.051344
0.078994
0.2175
0.077663
0.081542
0
0
0
0.043737
0.11928
0.12835
0.055289
0.025172
0.056647
0
0
0
-0.022721
0.035
0.11513
0.076587
0.045015
0.077919
0
0
0
0.12222
-0.0056523
0.14078
0.083554
0.073286
-0.039039
0
0
0
0.038729
0.034618
0.22441
0.051532
0.066539
-0.0082338
0
0
0
-0.044408
0.075454
0.0653
0.13091
0.077841
-0.021811
0
0
0
0.13436
0.0082934
0.020586
-0.048184
-0.049168
-0.091211
0
0
0
0.022907
0.044625
0.24363
0.057082
0.17563
-0.01364
0
0
0
-0.047324
-0.046036
0.082251
-0.045477
0.068496
-0.020197
0
0
0
-0.020331
0.072925
-0.021683
0.0071698
-0.01418
0.039535
0
0
0
0.057966
0.024109
-0.010719
0.017711
-0.052365
-0.014016
0
0
0
-0.0085706
-0.072575
0.081405
0.13462
-0.022406
0.019036
0
0
0
-0.052495
0.079617
0.093585
0.071403
0.015277
0.021635
0
0
0
0.055297
0.050989
-0.026516
0.06115
0.0069304
-0.046623
0
0
0
0.026733
0.027037
-0.017815
0.041375
-0.050626
-0.02257
0
0
0
-0.0069525
-0.042926
0.019289
0.0073315
0.0029422
0.029514
0
0
0
-0.046117
0.075966
0.021105
0.094556
0.03398
0.026006
0
0
0
0.043269
0.025962
-0.027886
0.013952
0.0012459
-0.0025833
0
0
0
0.030219
-0.025131
0.0084664
-0.044572
-0.032381
-0.012921
0
0
0
0.041854
0.01025
0.0079547
-0.066464
0.025525
0.044804
0
0
0
0.013515
-0.033923
-0.079807
-0.057408
0.0073323
0.046376
0
0
0
0.014501
-0.0053044
0.015973
-0.029153
-0.046988
0.03563
0
0
0
0.017296
-0.11155
0.072551
0.0069412
-0.085907
-0.028114
0
0
0
-0.061918
-0.065917
-0.0019779
-0.058107
0.014347
0.048039
0
0
0
-0.0054927
0.056818
0.21944
-0.069458
-0.097565
0.067487
0
0
0
-0.14344
0.00097757
-0.03217
0.16148
0.085839
0.023497
0
0
0
0.078466
-0.066518
-0.024256
0.11492
0.046401
-0.040468
0
0
0
0.070842
-0.21163
0.055306
-0.062448
-0.039241
-0.040534
0
0
0
-0.23088
-0.13276
0.039252
-0.024842
0.046621
-0.020068
0
0
0
-0.036913
-0.049275
-0.0080643
0.16829
-0.030287
-0.019652
0
0
0
0.11982
0.25242
0.10513
-0.023342
0.039154
0.032915
0
0
0
0.17862
-0.20481
-0.027569
-0.075782
-0.069772
0.09005
0
0
0
-0.087772
-0.28647
-0.020295
-0.058029
-0.0084663
0.057924
0
0
0
-0.09866
0.0062244
0.049845
-0.043612
0.029016
0.24886
0
0
0
0.039891
0.030347
0.042708
-0.12942
-0.10051
0.20519
0
0
0
0.11785
-0.10732
0.012478
-0.015401
-0.056371
0.12177
0
0
0
0.031089
-0.14961
-0.040822
-0.17914
-0.12524
0.119
0
0
0
0.1306
-0.062064
-0.014464
0.003786
0.1207
0.04615
0
0
0
0.015598
-0.010259
0.01331
-0.025519
-0.047248
-0.10492
0
0
0
0.0086075
-0.033167
-0.031757
-0.024538
0.2032
0.096223
0
0
0
0.2051
-0.057585
-0.060425
0.034233
-0.03448
-0.04933
0
0
0
0.028739
0.00071262
-0.021688
0.061868
-0.060996
0.0092753
0
0
0
0.0093594
0.010994
0.021706
0.0094653
0.026355
-0.025599
0
0
0
0.025186
-0.035943
0.01827
-0.0047329
0.035758
-0.012246
0
0
0
0.027954
-0.0029107
-0.0054875
0.070914
0.044245
0.051473
0
0
0
-0.036956
0.0058225
-0.02113
0.012959
-0.023519
-0.023793
0
0
0
0.0032556
-0.0020023
-0.018575
-0.032537
0.00048095
-0.010189
0
0
0
0.055063
-0.021979
-0.067594
-0.045584
0.060307
-0.0075197
0
0
0
0.0095223
0.022624
-0.054748
-0.038328
0.017257
-0.0023654
0
0
0
-0.062692
-0.019706
0.031967
-0.033324
0.043103
0.032013
0
0
0
0.021632
0.11444
0.14367
-0.2637
-0.10143
-0.0020498
0
0
0
-0.12165
-0.020485
0.00077195
-0.065324
-0.020814
0.0075041
0
0
0
-0.081777
-0.068994
-0.037237
-0.072325
-0.043737
0.014466
0
0
0
-0.13599
0.15358
0.090782
-0.0073265
-0.055612
-0.04715
0
0
0
-0.053259
0.0029297
0.068214
-0.086263
-0.18451
-0.062727
0
0
0
0.031697
0.032867
0.050915
0.0059662
0.0033401
-0.0061573
0
0
0
-0.066232
-0.1152
-0.013929
-0.10162
-0.13179
-0.062782
0
0
0
-0.051523
0.002176
-0.047751
-0.090695
-0.057918
-0.084453
0
0
0
0.11579
0.027166
0.04185
-0.050175
-0.14962
-0.062661
0
0
0
0.19387
0.045624
0.052979
-0.050863
-0.083098
-0.0096214
0
0
0
0.056378
-0.03386
0.0054868
-0.047687
-0.080167
-0.0023687
0
0
0
0.015208
-0.16435
-0.020466
-0.0061815
-0.059338
-0.10265
0
0
0
-0.0089226
0.056614
-0.091357
-0.06574
-0.042916
-0.080141
0
0
0
0.3113
-0.054859
-0.045595
-0.10646
-0.14391
-0.02169
0
0
0
-0.02639
-0.061479
-0.0004092
-0.056411
-0.081675
-0.033159
0
0
0
0.081176
-0.055696
-0.014573
0.054286
0.10365
0.052169
0
0
0
0.11136
0.015793
-0.05675
-0.041495
-0.088537
-0.022273
0
0
0
0.057802
-0.054646
0.031965
0.01843
0.009733
0.10612
0
0
0
0.064787
0.010869
-0.063841
-0.023437
-0.0041581
-0.00092971
0
0
0
0.040663
-0.028628
-0.034028
0.05009
0.0031188
0.00028692
0
0
0
0.046588
0.015098
0.061078
-0.037448
-0.12657
-0.029215
0
0
0
-0.029061
-0.055534
-0.0058208
-0.0060066
-0.0026384
-0.011716
0
0
0
-0.024867
0.011807
0.012193
0.00041804
-0.029213
-0.044435
0
0
0
-0.11597
-0.072969
-0.087648
0.015842
0.09838
0.029826
0
0
0
-0.0025245
0.098797
-0.053304
-0.035014
0.023089
-0.029565
0
0
0
0.0030782
0.011369
-0.055972
-0.020212
-0.0519
-0.056708
0
0
0
0.041991
0.0045783
-0.028816
0.036714
0.033334
-0.0060736
0
0
0
0.016117
0.056823
-0.068355
0.0052984
0.038165
-0.012479
0
0
0
-0.023123
0.061828
-0.023291
-0.11215
-0.0080632
0.033111
0
0
0
-0.045689
0.0028516
-0.008271
0.00015107
-0.0082529
-0.0079397
0
0
0
-0.0098683
0.0048315
-0.005513
-0.15359
0.0054123
0.064552
0
0
0
-0.10794
0.032215
-0.017856
0.029656
0.027719
0.009558
0
0
0
-0.025326
0.016873
-0.028427
-0.029721
-0.13544
-0.098755
0
0
0
0.027766
0.11878
0.19627
0.021925
0.043113
0.061584
0
0
0
-0.086497
-0.029155
0.023726
-0.076918
-0.15641
-0.046024
0
0
0
-0.070343
0.11031
-0.001053
0.016926
0.0014804
-0.01326
0
0
0
0.11064
0.029998
-0.015272
-0.047202
-0.016652
0.020373
0
0
0
0.08292
0.031649
0.07537
0.043358
-0.022568
0.0060927
0
0
0
-0.034371
-0.047225
0.076203
-0.0019677
-0.048514
0.05143
0
0
0
-0.016152
-0.040624
-0.014384
-0.072161
-0.050429
-0.033562
0
0
0
-0.015436
0.077309
-0.023335
-0.097096
-0.098825
0.027884
0
0
0
0.14268
-0.043219
0.053609
-0.04014
-0.112
0.0044356
0
0
0
-0.017868
0.039715
0.065603
-0.019766
0.062238
0.11004
0
0
0
0.058846
-0.017101
0.019662
0.01026
0.085172
0.08433
0
0
0
0.052884
0.058911
-0.047003
-0.063814
-0.026858
-0.0090233
0
0
0
0.051501
-0.066517
0.058057
-0.017487
0.039787
0.04153
0
0
0
-0.014755
0.037346
-0.027501
-0.074159
-0.028007
-0.019317
0
0
0
-0.0171
-0.024438
-0.0057222
0.033956
0.0587
-0.00043719
0
0
0
0.0084799
0.0012453
-0.026491
0.024623
-0.027117
-0.023189
0
0
0
-0.1
0.015071
-0.0058834
-0.032628
0.067788
0.033899
0
0
0
-0.050612
0.026377
0.018672
0.0032293
-0.044741
0.016699
0
0
0
-0.13711
0.00042113
-0.010001
0.11278
0.040819
-0.016754
0
0
0
0.035984
0.022759
-0.013297
-0.02203
0.045276
0.0050921
0
0
0
0.018435
-0.0077245
-0.0639
-0.036824
-0.041716
-0.0054063
0
0
0
-0.0049494
-0.037607
-0.038349
0.038285
-0.028175
0.022155
0
0
0
0.0040138
-0.021714
0.0022453
0.0012294
-0.0094552
0.00019162
0
0
0
-0.010185
0.061933
0.00059763
-0.02804
-0.043106
0.019176
0
0
0
-0.046636
-0.030372
0.0084615
0.036866
-0.062647
-0.029472
0
0
0
-0.038165
0.07302
0.031346
-0.070168
-0.03148
0.069511
0
0
0
-0.051955
0.075994
0.09013
0.023953
0.036028
-0.0080077
0
0
0
-0.062537
0.012021
0.039181
-0.09641
-0.095717
-0.078728
0
0
0
-0.040197
0.05176
0.079773
0.089677
0.053576
-0.0077583
0
0
0
-0.097034
-0.11009
-0.0015267
0.0040366
-0.094023
-0.07746
0
0
0
-0.061603
0.050247
-0.0038253
-0.030799
-0.057549
0.050316
0
0
0
0.046818
-0.0016317
0.031238
0.041293
0.066989
0.019984
0
0
0
0.054883
-0.091361
-0.024869
0.030484
0.040103
0.07456
0
0
0
0.011397
-0.18631
-0.058082
0.033915
0.0040128
0.053143
0
0
0
-0.012195
-0.00041355
0.011677
0.012557
-0.023184
0.016993
0
0
0
0.020682
0.00079817
0.074574
-0.03138
-0.0027119
0.07041
0
0
0
0.057808
-0.10925
-0.0057194
0.044767
-0.094487
-0.056784
0
0
0
-0.0093556
0.059764
0.034721
-0.026189
-0.038705
0.080785
0
0
0
0.082611
0.030845
0.10752
0.054809
0.043417
0.00035426
0
0
0
0.038434
0.086146
0.019734
-0.052217
-0.015435
0.022417
0
0
0
0.032759
-0.0060142
0.034795
0.0029669
0.069139
0.036321
0
0
0
-0.0041029
0.0953
0.012934
-0.063457
-0.021987
-0.002169
0
0
0
0.032625
0.027556
0.0070532
-0.004911
0.047044
0.022289
0
0
0
-0.030397
0.0057291
-0.023084
-0.0027694
-0.027898
0.020056
0
0
0
-0.12472
-0.058462
-0.052395
0.012177
0.013046
-0.039391
0
0
0
-0.064172
0.0032587
-0.039049
-0.042379
-0.041156
-0.0015525
0
0
0
-0.11896
0.022895
-0.017334
0.039536
0.017437
-0.022828
0
0
0
-0.00064382
0.029741
0.0032511
-0.048855
0.068109
-0.014792
0
0
0
0.02749
-0.026084
-0.086552
0.0067479
0.0038476
-0.03218
0
0
0
-0.044231
0.0067373
-0.032266
0.027076
-0.060155
0.025434
0
0
0
-0.024608
0.015604
-0.012857
0.033558
-0.0043714
-0.037541
0
0
0
-0.00035393
0.11113
-0.007494
-0.078956
0.051609
0.081716
0
0
0
-0.020214
0.0012263
-0.015553
-0.055673
-0.08982
-0.04824
0
0
0
-0.049432
0.025649
0.0043397
-0.018269
0.013364
0.039171
0
0
0
-0.0091548
0.055303
0.0010313
0.0018651
0.028407
0.081513
0
0
0
-0.042589
-0.061886
-0.0068312
-0.02868
-0.13592
-0.07509
0
0
0
0.0091075
-0.014819
0.036469
0.038857
0.10854
0.12836
0
0
0
-0.084273
-0.14286
-0.010606
-0.078282
-0.10223
0.027389
0
0
0
-0.10236
0.06362
-0.050395
-0.011073
0.049071
0.0039871
0
0
0
0.15662
-0.039032
0.049977
0.010751
-0.03694
0.00034432
0
0
0
0.097242
-0.11975
-0.015936
0.029388
-0.003654
0.10681
0
0
0
-0.048321
0.004315
-0.020176
-0.017359
-0.063705
0.070068
0
0
0
-0.0060903
-0.045701
0.028937
0.083034
-0.018465
-0.08447
0
0
0
0.0097552
0.06445
0.052731
-0.057597
0.054679
-0.0016964
0
0
0
0.064621
-0.067666
-0.02274
-0.069885
-0.12587
-0.10091
0
0
0
-0.078652
0.19706
0.086141
0.024964
-0.033018
-0.022726
0
0
0
0.056498
0.098646
0.069158
0.066674
0.041901
0.037088
0
0
0
0.07017
0.074467
-0.0095716
-0.040186
-0.031911
-0.070106
0
0
0
0.034652
0.040747
0.023981
0.049349
0.029917
0.025929
0
0
0
-0.018338
0.068762
0.013013
0.03146
-0.065424
-0.0029011
0
0
0
0.0079902
-0.0049853
-0.056733
0.087339
0.068367
-0.024255
0
0
0
0.0026525
0.0060392
-0.0072534
0.062409
-0.020506
-0.051757
0
0
0
-0.1171
-0.016559
0.01538
0.0058162
-0.057074
0.025013
0
0
0
-0.054096
0.018983
-0.03434
-0.045139
-0.0014627
0.015102
0
0
0
-0.086815
0.061879
-0.038592
0.083237
0.060122
-0.029671
0
0
0
-0.0083913
0.051855
-0.010186
0.058915
0.047818
0.021998
0
0
0
0.00077645
0.017753
-0.049524
0.029661
-0.012529
-0.032794
0
0
0
-0.075433
-0.0066671
-0.0071741
0.042724
-0.025024
-0.0079667
0
0
0
-0.0011444
-0.0077541
-0.028731
-0.029114
-0.0030389
-0.0002518
0
0
0
-0.052961
0.014356
-0.025926
-0.026334
0.13605
0.056664
0
0
0
0.013688
-0.033799
-0.031435
-0.052896
-0.054796
-0.041967
0
0
0
-0.043178
0.019603
-0.055226
-0.081081
0.052021
0.050372
0
0
0
-0.064614
-0.0664
-0.034831
-0.07491
0.057153
0.20149
0
0
0
-0.030109
-0.08594
-0.056931
-0.12603
-0.18148
0.02222
0
0
0
-0.037401
-0.038638
-0.023962
-0.033817
0.063249
0.15015
0
0
0
-0.10573
0.046567
-0.031811
-0.14148
-0.12354
0.10105
0
0
0
-0.12674
-0.055739
-0.050026
-0.015164
-0.0095151
-0.016451
0
0
0
0.019129
-0.0066747
0.001455
-0.067357
-0.10268
-0.055065
0
0
0
-4.2925e-05
0.12849
0.14108
0.03488
-0.030107
0.040169
0
0
0
-0.12521
0.20542
-0.0080505
-0.087228
0.038512
0.091159
0
0
0
-0.04949
0.038402
0.031681
0.044132
-0.061048
-0.11859
0
0
0
-0.0034094
0.024964
0.096678
0.038278
0.019446
-0.036635
0
0
0
-0.024877
0.094217
-0.02558
-0.02151
-0.15266
-0.11632
0
0
0
-0.12353
0.196
0.010539
0.064569
-0.0011263
-0.086963
0
0
0
-0.026547
0.067311
0.042111
0.097884
0.11887
0.039424
0
0
0
0.027229
0.021732
-0.0090777
-3.0369e-05
-0.024522
-0.059121
0
0
0
-0.01692
0.0043152
-0.071166
-0.018103
0.047485
0.10822
0
0
0
-0.083794
0.00092339
-0.062755
0.0012388
-0.058175
-0.045618
0
0
0
-0.019668
0.014299
0.0037274
0.066141
0.054476
-0.022863
0
0
0
-0.03198
-0.0093379
-0.013086
0.054366
0.01521
-0.032968
0
0
0
-0.061431
-0.031753
-0.030573
-0.022771
-0.030915
-0.023126
0
0
0
-0.062663
0.013746
-0.035079
-0.033053
-0.022026
0.033463
0
0
0
-0.080625
-0.011433
-0.075801
0.04105
0.013167
0.0079138
0
0
0
-0.074339
-0.024517
-0.00068986
0.01662
0.019393
0.0083192
0
0
0
-0.010175
0.070467
-0.0003431
-0.003527
-0.062119
-0.068068
0
0
0
-0.069376
0.023192
0.015459
-0.030625
-0.0022644
-0.0058128
0
0
0
0.031316
-0.0016878
-0.037139
0.047967
0.042006
-0.025408
0
0
0
-0.0046758
-0.0015234
-0.024373
0.045797
0.053103
0.00019984
0
0
0
-0.067591
-0.029237
-0.023017
0.0023358
-0.017665
0.020057
0
0
0
-0.012056
0.04998
-0.033318
0.01005
0.022609
0.036744
0
0
0
-0.082641
-0.01264
-0.034146
-0.054442
-0.0078598
0.076079
0
0
0
-0.06535
-0.02325
-0.04162
-0.15031
-0.034349
0.13363
0
0
0
-0.12248
0.0085521
0.012563
-0.024739
-0.085457
0.0331
0
0
0
-0.11663
0.090823
-0.0076227
-0.12864
-0.053559
0.12163
0
0
0
-0.16425
0.034728
0.057865
0.0026794
-0.023213
-0.0004436
0
0
0
-0.072148
0.11315
-0.027589
-0.12282
-0.11509
0.1075
0
0
0
-0.014547
0.22138
0.14501
0.027417
0.0017851
-0.0038355
0
0
0
-0.14895
0.12352
0.003694
-0.035976
-0.012315
0.1109
0
0
0
0.027784
0.10715
-0.033101
-0.022477
-0.050811
-0.069408
0
0
0
-0.0339
0.10428
-0.010302
0.012737
-0.052418
-0.06326
0
0
0
-0.02277
0.083192
0.0091506
-0.063372
-0.021844
-0.044083
0
0
0
0.0057238
0.049378
0.010571
0.0088748
0.0039078
-0.027664
0
0
0
0.059844
0.040048
-0.11926
0.043925
0.12555
0.0051995
0
0
0
-0.047285
0.0043407
-0.077918
-0.018918
0.044903
-0.033819
0
0
0
-0.0071797
-0.016399
-0.081954
-0.016507
0.016575
0.01346
0
0
0
0.03399
-0.013911
-0.044953
-0.040519
-0.019902
-0.047158
0
0
0
-0.018191
-0.042367
-0.028933
0.061333
0.035678
0.080447
0
0
0
-0.04997
-0.0069884
-0.038757
0.074185
0.074684
0.0076159
0
0
0
-0.074077
-0.016978
0.0031848
-0.013158
-0.022941
0.066541
0
0
0
-0.025197
0.04558
-0.045808
-0.05398
-0.016627
0.02497
0
0
0
-0.079074
0.055026
-0.079649
0.016651
0.077675
0.014481
0
0
0
-0.058261
-0.029703
0.05929
0.058015
0.010974
-0.05295
0
0
0
0.0078888
0.023943
0.035705
0.0041739
-0.01157
-0.01449
0
0
0
-0.035052
-0.02222
-0.052148
0.024062
0.016917
0.02397
0
0
0
-0.0042797
-0.021119
-0.0070489
0.044837
-0.034332
-0.013935
0
0
0
0.012474
-0.012929
-0.031445
0.020081
0.091009
0.039533
0
0
0
-0.1084
-0.056814
-0.024892
0.0415
-0.10538
-0.055524
0
0
0
-0.020711
0.023855
-0.029111
-0.062187
0.0051149
0.039578
0
0
0
-0.080384
0.019852
-0.010154
-0.066099
-0.049847
0.033338
0
0
0
-0.062092
0.065813
-0.019397
-0.18842
-0.0013827
0.14417
0
0
0
-0.15428
-0.030136
0.034298
-0.017998
-0.084345
-0.016474
0
0
0
-0.14727
0.045632
-0.0065141
-0.11936
-0.068402
0.10948
0
0
0
-0.14525
0.18311
0.074139
-0.056394
-0.041443
0.012117
0
0
0
-0.075041
0.077473
-0.026358
-0.092227
-0.086146
0.063671
0
0
0
0.031257
0.14244
0.078917
-0.019012
-0.052911
0.0040554
0
0
0
-0.10025
0.11399
-0.042935
-0.012264
-0.074445
0.048368
0
0
0
-0.0064181
0.049685
-0.068662
-0.011095
-0.024393
-0.012202
0
0
0
0.036811
0.04918
-0.010542
-0.012792
-0.093642
-0.036378
0
0
0
0.07242
0.081913
-0.025584
-0.047309
-0.011378
-0.013285
0
0
0
-0.027069
0.056244
-0.019254
-0.032741
-0.012989
-0.030934
0
0
0
0.045312
-0.063874
-0.078872
0.093003
0.071963
0.021362
0
0
0
0.0062921
0.00042002
-0.021739
-0.030703
0.022573
-0.040482
0
0
0
0.0030544
-0.042854
-0.079246
-0.051901
0.057862
0.050845
0
0
0
0.016288
-0.033968
-0.10275
-0.052507
-0.043155
-0.0099805
0
0
0
-0.021891
-0.050022
0.016575
0.097652
0.051669
0.039358
0
0
0
-0.042873
0.027475
-0.043459
0.069686
0.041685
0.028472
0
0
0
-0.064652
-0.02883
-0.035118
-0.0033412
-0.025172
0.026681
0
0
0
-0.030113
-0.0068485
-0.054475
0.026813
0.012848
-0.016912
0
0
0
-0.095087
0.034768
0.038649
0.055984
0.0041505
0.033347
0
0
0
-0.046218
-0.019966
0.048273
0.038984
0.032018
0.038309
0
0
0
-0.0073525
-0.0095401
0.011638
-0.022317
0.0066439
-0.031308
0
0
0
-0.058443
0.017518
-0.0046769
0.0085147
0.083312
-0.010729
0
0
0
0.023064
-0.030027
0.019303
0.015068
0.028674
-0.10487
0
0
0
-0.036388
0.047438
-0.026413
0.077344
0.020157
0.0045726
0
0
0
-0.039984
-0.029903
-0.032017
-0.052166
-0.11378
-0.05901
0
0
0
-0.0012954
0.0091514
0.023699
0.0035515
0.08003
0.018955
0
0
0
-0.045369
-0.035367
-0.024674
-0.0072534
-0.045458
-0.061709
0
0
0
-0.10611
-0.0058898
-0.082016
-0.13701
-0.018779
0.076445
0
0
0
-0.13764
-0.058417
0.020121
-0.082557
-0.13603
-0.099168
0
0
0
-0.10908
0.050461
0.0044254
0.021914
-0.0011864
0.13689
0
0
0
-0.059828
0.14412
-0.023893
-0.090775
-0.080333
-0.055003
0
0
0
-0.057708
0.064153
-0.063143
-0.11137
-0.077625
-0.026589
0
0
0
-0.035491
0.17456
0.067394
-0.082442
-0.092365
-0.044914
0
0
0
1.5445e-05
0.17646
0.065972
-0.043672
-0.049889
-0.0094365
0
0
0
-0.059846
0.051925
-0.033219
-0.093639
-0.04961
0.0077415
0
0
0
-0.032416
0.00369
0.0076553
-0.076685
-0.084984
-0.05219
0
0
0
0.0024165
0.11443
0.075979
-0.086702
-0.039595
0.02415
0
0
0
-0.10015
0.024633
-0.013804
-0.037709
-0.026805
-0.0011891
0
0
0
-0.023693
-0.016109
-0.027735
0.032305
0.10738
0.024102
0
0
0
0.0041675
-0.024475
-0.074238
-0.0025988
0.017351
-0.012114
0
0
0
-0.029093
-0.0030008
0.0038763
-0.098983
0.014443
-0.0020076
0
0
0
-0.0049507
-0.032125
-0.10211
-0.097985
-0.050507
-0.0229
0
0
0
-0.029103
0.0074353
-0.004766
0.070174
0.037448
-0.010216
0
0
0
-0.0090548
0.034479
-0.031775
0.036429
0.069531
0.039752
0
0
0
-0.064675
-0.027028
-0.056281
-0.014991
0.012292
-0.041542
0
0
0
-0.032973
0.017746
-0.046855
-0.09163
0.029086
0.013158
0
0
0
-0.029842
0.019943
0.007665
0.14025
0.032023
-0.013574
0
0
0
-0.034374
0.010472
0.070729
0.047552
0.042322
0.022077
0
0
0
0.0068728
0.0071835
0.061139
-0.015851
-0.03742
-0.044757
0
0
0
-0.010048
0.0029401
-0.053091
0.0062753
0.070365
-0.00098388
0
0
0
0.033811
0.04681
0.036802
0.038127
-0.011957
-0.098645
0
0
0
0.035415
0.040595
0.024979
-0.026175
0.095812
0.048584
0
0
0
0.002857
0.039796
-0.05388
-0.1114
-0.070985
-0.045228
0
0
0
0.054877
-0.041763
-0.063432
0.013161
0.11392
0.042935
0
0
0
0.041475
0.027246
0.079856
-0.037854
-0.083565
-0.044729
0
0
0
-0.034192
0.092693
0.078694
-0.015521
0.077828
0.094372
0
0
0
-0.0037286
-0.0068192
-0.060779
-0.18579
-0.14522
-0.045585
0
0
0
0.04214
0.010742
-0.0072122
0.19047
0.13209
0.075581
0
0
0
0.018228
0.20209
0.07096
-0.00094811
-0.074504
0.020992
0
0
0
0.046526
0.1528
0.038876
-0.0082078
0.060265
0.06671
0
0
0
-0.020478
0.12155
0.046606
-0.032325
-0.0147
-0.11682
0
0
0
0.093425
0.08502
0.069783
0.083367
0.0084366
-0.025487
0
0
0
0.070165
0.14983
0.046256
-0.056266
0.069465
0.105
0
0
0
0.00148
0.016396
0.029693
-0.028676
-0.016098
0.021194
0
0
0
-0.019625
0.044682
0.050513
0.051236
-0.050321
-0.015633
0
0
0
0.044472
-0.035156
0.026849
-0.065257
-0.077107
-0.045565
0
0
0
-0.00088513
0.021869
0.014737
0.01875
0.085083
0.051244
0
0
0
0.0022087
-0.024931
-0.034201
-0.0024917
0.021829
-0.016715
0
0
0
-0.026027
0.058467
0.10613
0.070173
-0.099137
-0.062105
0
0
0
0.076546
-0.012378
-0.023732
-0.026187
-0.047915
-0.058134
0
0
0
-0.012944
-0.0039429
-0.010018
0.064992
0.013213
0.025573
0
0
0
-0.020936
0.020589
-0.032788
-0.006002
0.07501
0.03582
0
0
0
-0.031485
0.059767
0.099267
0.027134
-0.015445
-0.043745
0
0
0
0.02639
0.015842
-0.041564
-0.015922
0.018652
-0.012857
0
0
0
-0.035244
0.038765
0.028704
0.11032
0.017368
0.0030745
0
0
0
-0.023051
-0.0077861
-0.013737
0.021543
0.035008
0.021047
0
0
0
-0.0032569
0.0078116
-0.0015811
0.053981
0.0020714
0.034829
0
0
0
0.0042581
-0.037802
-0.02207
0.01729
0.046718
0.06336
0
0
0
0.038791
-0.008915
-0.017771
-0.022469
-0.064699
-0.035981
0
0
0
0.003071
-0.055368
-0.022084
-0.0040458
0.151
0.065497
0
0
0
-0.0091422
-0.015706
0.0025464
0.044788
-0.081669
0.024666
0
0
0
0.012549
-0.055568
-0.10649
-0.052317
0.066341
0.041877
0
0
0
0.050916
-0.033743
-0.043326
-0.10171
-0.12543
0.057157
0
0
0
0.015914
0.00024998
0.11086
0.04974
0.25186
0.22195
0
0
0
-0.043653
-0.047478
-0.11613
-0.15144
-0.2382
-0.034879
0
0
0
0.045429
-0.16883
-0.13525
-0.10443
-0.10942
0.10869
0
0
0
-0.061621
0.082903
0.067033
0.01599
0.01162
0.10533
0
0
0
0.055822
0.038543
0.078715
0.1369
0.21006
0.039885
0
0
0
-0.0015307
-0.090615
-0.15259
-0.13769
-0.069138
-0.024315
0
0
0
-0.0070097
-0.17214
-0.11149
-0.031798
-0.058966
-0.017707
0
0
0
-0.059626
0.039285
0.10602
0.19867
0.29584
0.043051
0
0
0
0.04424
-0.062767
0.083898
0.033207
0.078086
-0.067442
0
0
0
-0.05833
-0.18152
-0.10395
-0.061052
0.02988
-0.084403
0
0
0
-0.078817
-0.15203
-0.079549
-0.053984
-0.046775
-0.09655
0
0
0
-0.10142
0.092403
0.095172
0.21635
0.078378
-0.038519
0
0
0
0.068773
-0.013835
-0.017089
-0.0025891
0.020661
-0.051384
0
0
0
-0.04521
-0.1051
-0.0020995
0.065203
0.015591
0.0019824
0
0
0
-0.041129
-0.04537
-0.012552
0.02439
0.027663
-0.019952
0
0
0
-0.015982
0.064927
0.071081
0.067427
0.041562
0.016711
0
0
0
0.0059697
-0.0014011
-0.023417
0.021641
0.042496
0.054927
0
0
0
-0.054646
0.0023033
-0.014921
0.022494
0.058445
0.014548
0
0
0
0.022488
-0.006649
-0.025953
0.072503
0.0077559
0.018839
0
0
0
0.022592
-0.033712
-0.040166
-0.0015482
0.041231
0.019223
0
0
0
-0.020791
0.0096849
0.017395
0.016601
0.047159
0.053792
0
0
0
0.041123
0.022549
0.038582
-0.014223
-0.0071084
0.02647
0
0
0
0.033904
-0.020348
-0.020621
0.036986
-0.030969
0.0086567
0
0
0
0.086022
-0.0092634
-0.0018505
-0.06853
0.018217
0.008715
0
0
0
-0.015724
-0.079581
-0.045552
0.11366
0.092315
0.10239
0
0
0
0.01014
0.0018981
-0.0089704
0.0017883
-0.059255
-0.00093756
0
0
0
0.068351
-0.077271
-0.051123
0.040991
0.072681
0.02261
0
0
0
0.057716
-0.063722
-0.067018
-0.020587
0.080623
0.068692
0
0
0
0.012343
-0.083795
0.0020978
0.11801
0.14245
-0.0086692
0
0
0
-0.040549
-0.039957
-0.02536
0.010606
-0.030842
0.071387
0
0
0
0.053157
-0.011961
-0.053342
-0.014571
0.055187
0.06256
0
0
0
0.10464
-0.072615
-0.087425
0.13888
0.12839
-0.020192
0
0
0
-0.035785
-0.014915
0.047736
0.13418
0.078676
-0.032281
0
0
0
-0.016066
0.0037749
-0.0091991
-0.014303
0.02744
0.04138
0
0
0
0.071483
-0.0090515
-0.03521
0.0098039
0.041459
0.0068806
0
0
0
0.090938
-0.041494
0.034514
0.25566
0.0171
0.0093087
0
0
0
-0.012876
0.0078389
0.065607
0.074
0.024694
0.013096
0
0
0
-0.011141
0.0027167
0.0068792
-0.022964
-0.053549
0.004373
0
0
0
0.09347
-0.041593
0.017785
-0.013702
0.030333
0.084588
0
0
0
0.059339
-0.022786
0.12468
0.13715
-0.0035736
0.0089332
0
0
0
0.0091059
0.0080492
0.011791
0.0303
0.020276
0.0048133
0
0
0
0.0019174
-0.017612
0.0010828
-0.013149
0.018042
0.066184
0
0
0
0.076173
-0.013768
-0.0021278
0.026002
-0.0036366
0.06146
0
0
0
0.050536
0.035359
-0.011783
-0.0034437
-0.022709
0.0007095
0
0
0
0.037693
0.0082612
-0.010477
0.034115
0.060856
0.014884
0
0
0
0.0087209
0.025294
0.021836
-0.045899
-0.039013
-0.0059931
0
0
0
0.078713
0.012577
-0.08855
-0.0057729
0.025855
0.049369
0
0
0
0.092919
