    0 0.004053 
    1 0.114499 
    2 0.103649 
    3 0.241378 
    4 1.000000 
    5 0.127787 
    6 0.013762 
    7 0.096773 
    8 0.005730 
    9 0.045838 
   10 0.163275 
   11 0.022714 
   12 0.035050 
   13 0.332882 
   14 0.276445 
   15 0.360610 
   16 0.214519 
   17 0.310620 
   18 0.009943 
   19 0.038888 
   20 0.047363 
   21 0.165423 
   22 0.771653 
   23 0.263843 
   24 0.162536 
   25 0.061279 
   26 0.097718 
   27 0.792449 
   28 0.442329 
   29 0.320162 
   30 0.460644 
   31 0.333412 
   32 0.384912 
   33 0.242906 
   34 0.340120 
   35 0.258973 
   36 0.034540 
   37 0.123033 
   38 0.017116 
   39 0.026411 
   40 0.250838 
   41 0.208311 
   42 0.271732 
   43 0.161647 
   44 0.234063 
   45 0.156962 
   46 0.158389 
   47 0.126809 
   48 0.143853 
   49 0.267308 
   50 0.204231 
   51 0.113543 
   52 0.234926 
   53 0.102202 
   54 0.597138 
   55 0.333310 
   56 0.241253 
   57 0.347111 
   58 0.251238 
   59 0.290044 
   60 0.183038 
   61 0.256292 
   62 0.195145 
   63 0.260213 
   64 0.409369 
   65 0.131720 
   66 0.085674 
   67 0.000000 
   68 0.055407 
   69 0.149366 
   70 0.303236 
   71 1.000000 
   72 0.094611 
   73 0.095471 
   74 0.076436 
   75 0.086709 
   76 0.161123 
   77 0.123103 
   78 0.068440 
   79 0.141605 
   80 0.061604 
   81 0.099390 
   82 0.070447 
   83 0.033273 
   84 0.231708 
   85 1.000000 
   86 0.136751 
   87 0.064659 
   88 0.179298 
   89 0.136227 
   90 0.156847 
   91 0.246753 
   92 0.079396 
   93 0.051641 
   94 0.000000 
   95 0.033398 
   96 0.090032 
   97 0.182779 
   98 0.602763 
   99 0.428156 
  100 0.096532 
  101 0.165093 
  102 0.030092 
  103 0.086308 
  104 0.106022 
  105 0.080698 
  106 0.171965 
  107 0.354840 
  108 0.099390 
  109 0.070447 
  110 0.033273 
  111 0.231708 
  112 1.000000 
  113 0.136751 
  114 0.064659 
  115 0.179298 
  116 0.136227 
  117 0.094938 
  118 0.200332 
  119 0.064903 
  120 0.094755 
  121 0.091711 
  122 0.225245 
  123 0.085614 
  124 0.138445 
  125 0.152847 
  126 0.428156 
  127 0.096532 
  128 0.165093 
  129 0.030092 
  130 0.086308 
  131 0.106022 
  132 0.080698 
  133 0.171965 
  134 0.354840 
  135 0.357686 
  136 0.318680 
  137 0.117375 
  138 0.045965 
  139 0.084149 
  140 0.129961 
  141 0.054041 
  142 0.234463 
  143 0.211351 
  144 0.145805 
  145 0.307668 
  146 0.099677 
  147 0.145524 
  148 0.140848 
  149 0.345930 
  150 0.131485 
  151 0.212622 
  152 0.234741 
  153 0.432833 
  154 0.119099 
  155 0.195257 
  156 0.110295 
  157 0.051914 
  158 0.047061 
  159 0.263032 
  160 0.126208 
  161 0.487214 
  162 0.549331 
  163 0.489426 
  164 0.180264 
  165 0.070592 
  166 0.129236 
  167 0.199593 
  168 0.082995 
  169 0.360086 
  170 0.324591 
  171 0.659995 
  172 0.227938 
  173 0.043135 
  174 0.058616 
  175 0.003682 
  176 0.000000 
  177 0.050610 
  178 0.274647 
  179 1.000000 
  180 0.432833 
  181 0.119099 
  182 0.195257 
  183 0.110295 
  184 0.051914 
  185 0.047061 
  186 0.263032 
  187 0.126208 
  188 0.487214 
  189 0.195185 
  190 0.110913 
  191 0.158159 
  192 0.013176 
  193 0.210479 
  194 0.079779 
  195 0.276119 
  196 0.180080 
  197 0.579818 
  198 0.659995 
  199 0.227938 
  200 0.043135 
  201 0.058616 
  202 0.003682 
  203 0.000000 
  204 0.050610 
  205 0.274647 
  206 1.000000 
  207 0.542288 
  208 0.244993 
  209 0.330916 
  210 0.083616 
  211 0.141693 
  212 0.159356 
  213 0.232607 
  214 0.177722 
  215 0.363899 
  216 0.250312 
  217 0.142239 
  218 0.202828 
  219 0.016898 
  220 0.269926 
  221 0.102312 
  222 0.354105 
  223 0.230941 
  224 0.743580 
  225 0.057258 
  226 0.256717 
  227 0.396169 
  228 0.470905 
  229 1.000000 
  230 0.246439 
  231 0.052474 
  232 0.153695 
  233 0.055380 
  234 0.695450 
  235 0.314187 
  236 0.424379 
  237 0.107233 
  238 0.181712 
  239 0.204364 
  240 0.298304 
  241 0.227917 
  242 0.466677 
  243 0.199488 
  244 0.318880 
  245 0.053445 
  246 0.499327 
  247 0.544871 
  248 0.524473 
  249 0.334041 
  250 0.325374 
  251 0.372491 
  252 0.010072 
  253 0.039394 
  254 0.047980 
  255 0.167578 
  256 0.781704 
  257 0.267280 
  258 0.164653 
  259 0.062077 
  260 0.098991 
  261 0.802771 
  262 0.448090 
  263 0.324332 
  264 0.466644 
  265 0.337755 
  266 0.389926 
  267 0.246070 
  268 0.344550 
  269 0.262346 
  270 0.202405 
  271 0.121225 
  272 0.347589 
  273 1.000000 
  274 0.551017 
  275 0.044744 
  276 0.046811 
  277 0.038746 
  278 0.055912 
  279 0.260897 
  280 0.045514 
  281 0.066078 
  282 0.141386 
  283 0.279257 
  284 0.329491 
  285 0.493140 
  286 0.330527 
  287 0.486613 
  288 0.597138 
  289 0.333310 
  290 0.241253 
  291 0.347111 
  292 0.251238 
  293 0.290044 
  294 0.183038 
  295 0.256292 
  296 0.195145 
  297 0.260213 
  298 0.409369 
  299 0.131720 
  300 0.085674 
  301 0.000000 
  302 0.055407 
  303 0.149366 
  304 0.303236 
  305 1.000000 
  306 0.194067 
  307 0.033856 
  308 0.049152 
  309 0.105169 
  310 0.207724 
  311 0.245090 
  312 0.366820 
  313 0.245861 
  314 0.361965 
  315 0.343907 
  316 0.221133 
  317 0.236274 
  318 0.116134 
  319 0.603920 
  320 0.040520 
  321 0.033083 
  322 0.048658 
  323 0.594075 
  324 0.260213 
  325 0.409369 
  326 0.131720 
  327 0.085674 
  328 0.000000 
  329 0.055407 
  330 0.149366 
  331 0.303236 
  332 1.000000 
  333 0.710321 
  334 0.160148 
  335 0.273894 
  336 0.049923 
  337 0.143187 
  338 0.175893 
  339 0.133880 
  340 0.285295 
  341 0.588689 
  342 0.343907 
  343 0.221133 
  344 0.236274 
  345 0.116134 
  346 0.603920 
  347 0.040520 
  348 0.033083 
  349 0.048658 
  350 0.594075 
  351 0.329456 
  352 0.045182 
  353 0.056967 
  354 0.040483 
  355 0.005723 
  356 0.025611 
  357 0.043358 
  358 0.053283 
  359 0.254119 
  360 0.312584 
  361 0.070475 
  362 0.120530 
  363 0.021969 
  364 0.063011 
  365 0.077403 
  366 0.058915 
  367 0.125547 
  368 0.259058 
  369 0.261136 
  370 0.232659 
  371 0.085692 
  372 0.033557 
  373 0.061435 
  374 0.094881 
  375 0.039453 
  376 0.171174 
  377 0.154301 
  378 0.144980 
  379 0.019883 
  380 0.025069 
  381 0.017815 
  382 0.002518 
  383 0.011270 
  384 0.019080 
  385 0.023448 
  386 0.111827 
  387 0.034899 
  388 0.020942 
  389 0.050965 
  390 0.179471 
  391 1.000000 
  392 0.063987 
  393 0.015134 
  394 0.000000 
  395 0.005624 
  396 0.261136 
  397 0.232659 
  398 0.085692 
  399 0.033557 
  400 0.061435 
  401 0.094881 
  402 0.039453 
  403 0.171174 
  404 0.154301 
  405 0.313742 
  406 0.108355 
  407 0.020505 
  408 0.027864 
  409 0.001750 
  410 0.000000 
  411 0.024059 
  412 0.130559 
  413 0.475370 
  414 0.034899 
  415 0.020942 
  416 0.050965 
  417 0.179471 
  418 1.000000 
  419 0.063987 
  420 0.015134 
  421 0.000000 
  422 0.005624 
  423 0.045374 
  424 0.023421 
  425 0.027510 
  426 0.100772 
  427 0.167298 
  428 0.378883 
  429 0.023733 
  430 0.023840 
  431 0.113122 
  432 0.559192 
  433 0.193124 
  434 0.036547 
  435 0.049664 
  436 0.003120 
  437 0.000000 
  438 0.042881 
  439 0.232699 
  440 0.847268 
  441 0.459463 
  442 0.207574 
  443 0.280374 
  444 0.070845 
  445 0.120052 
  446 0.135017 
  447 0.197081 
  448 0.150578 
  449 0.308319 
  450 0.080872 
  451 0.041745 
  452 0.049033 
  453 0.179608 
  454 0.298181 
  455 0.675295 
  456 0.042299 
  457 0.042491 
  458 0.201620 
  459 0.044161 
  460 0.092448 
  461 0.191527 
  462 0.439516 
  463 1.000000 
  464 0.455521 
  465 0.328360 
  466 0.012939 
  467 0.000000 
  468 0.459463 
  469 0.207574 
  470 0.280374 
  471 0.070845 
  472 0.120052 
  473 0.135017 
  474 0.197081 
  475 0.150578 
  476 0.308319 
  477 0.131796 
  478 0.210675 
  479 0.035310 
  480 0.329890 
  481 0.359980 
  482 0.346504 
  483 0.220691 
  484 0.214965 
  485 0.246094 
  486 0.044161 
  487 0.092448 
  488 0.191527 
  489 0.439516 
  490 1.000000 
  491 0.455521 
  492 0.328360 
  493 0.012939 
  494 0.000000 
  495 0.023139 
  496 0.056032 
  497 0.089790 
  498 0.280742 
  499 0.758919 
  500 0.230880 
  501 0.133093 
  502 0.034099 
  503 0.086772 
  504 0.150849 
  505 0.090347 
  506 0.259053 
  507 0.745284 
  508 0.410664 
  509 0.033347 
  510 0.034888 
  511 0.028877 
  512 0.041670 
  513 0.194442 
  514 0.033921 
  515 0.049247 
  516 0.105373 
  517 0.208126 
  518 0.245564 
  519 0.367530 
  520 0.246336 
  521 0.362665 
  522 0.294082 
  523 0.240244 
  524 0.258210 
  525 0.218583 
  526 0.736497 
  527 0.282512 
  528 0.182179 
  529 0.138557 
  530 0.111496 
  531 0.156175 
  532 0.072313 
  533 0.452672 
  534 0.553877 
  535 1.000000 
  536 0.116960 
  537 0.024017 
  538 0.019105 
  539 0.063414 
  540 0.162072 
  541 0.028274 
  542 0.041049 
  543 0.087831 
  544 0.173478 
  545 0.204684 
  546 0.306345 
  547 0.205327 
  548 0.302290 
  549 0.287209 
  550 0.184676 
  551 0.197321 
  552 0.096988 
  553 0.504355 
  554 0.033839 
  555 0.027628 
  556 0.040636 
  557 0.496134 
  558 0.130176 
  559 0.060274 
  560 0.377313 
  561 0.461670 
  562 0.833524 
  563 0.097489 
  564 0.020019 
  565 0.015924 
  566 0.052857 
  567 0.047837 
  568 0.313026 
  569 0.243428 
  570 0.551323 
  571 1.000000 
  572 0.620379 
  573 0.216381 
  574 0.020627 
  575 0.181667 
  576 0.217560 
  577 0.139891 
  578 0.149470 
  579 0.073468 
  580 0.382047 
  581 0.025633 
  582 0.020928 
  583 0.030781 
  584 0.375819 
  585 0.208418 
  586 0.028583 
  587 0.036038 
  588 0.025610 
  589 0.003620 
  590 0.016202 
  591 0.027429 
  592 0.033707 
  593 0.160758 
  594 0.036236 
  595 0.237116 
  596 0.184395 
  597 0.417625 
  598 0.757495 
  599 0.469934 
  600 0.163908 
  601 0.015625 
  602 0.137612 
  603 0.184741 
  604 0.126682 
  605 0.127604 
  606 1.000000 
  607 0.674008 
  608 0.233222 
  609 0.133568 
  610 0.143505 
  611 0.119752 
  612 0.132905 
  613 0.018227 
  614 0.022981 
  615 0.016331 
  616 0.002309 
  617 0.010331 
  618 0.017491 
  619 0.021495 
  620 0.102513 
  621 0.031992 
  622 0.019198 
  623 0.046720 
  624 0.164523 
  625 0.916708 
  626 0.058657 
  627 0.013873 
  628 0.000000 
  629 0.005155 
  630 0.117807 
  631 0.080783 
  632 0.081371 
  633 0.637684 
  634 0.429804 
  635 0.148722 
  636 0.085174 
  637 0.091511 
  638 0.076364 
  639 0.003692 
  640 0.003020 
  641 0.024396 
  642 0.037034 
  643 1.000000 
  644 0.049026 
  645 0.005395 
  646 0.004085 
  647 0.026696 
  648 0.031992 
  649 0.019198 
  650 0.046720 
  651 0.164523 
  652 0.916708 
  653 0.058657 
  654 0.013873 
  655 0.000000 
  656 0.005155 
  657 0.041595 
  658 0.021471 
  659 0.025219 
  660 0.092378 
  661 0.153364 
  662 0.347325 
  663 0.021756 
  664 0.021855 
  665 0.103699 
  666 0.003692 
  667 0.003020 
  668 0.024396 
  669 0.037034 
  670 1.000000 
  671 0.049026 
  672 0.005395 
  673 0.004085 
  674 0.026696 
  675 0.016396 
  676 0.011077 
  677 0.102675 
  678 0.195647 
  679 0.420046 
  680 0.314933 
  681 0.028369 
  682 0.005667 
  683 0.042227 
  684 0.080872 
  685 0.041745 
  686 0.049033 
  687 0.179608 
  688 0.298181 
  689 0.675295 
  690 0.042299 
  691 0.042491 
  692 0.201620 
  693 0.044161 
  694 0.092448 
  695 0.191527 
  696 0.439516 
  697 1.000000 
  698 0.455521 
  699 0.328360 
  700 0.012939 
  701 0.000000 
  702 0.031878 
  703 0.021536 
  704 0.199628 
  705 0.380391 
  706 0.816684 
  707 0.612316 
  708 0.055157 
  709 0.011018 
  710 0.082102 
  711 0.035777 
  712 0.010301 
  713 0.030339 
  714 0.448669 
  715 0.907124 
  716 0.148560 
  717 0.095252 
  718 0.166269 
  719 0.079203 
  720 0.044161 
  721 0.092448 
  722 0.191527 
  723 0.439516 
  724 1.000000 
  725 0.455521 
  726 0.328360 
  727 0.012939 
  728 0.000000 
  729 0.023139 
  730 0.056032 
  731 0.089790 
  732 0.280742 
  733 0.758919 
  734 0.230880 
  735 0.133093 
  736 0.034099 
  737 0.086772 
  738 0.035777 
  739 0.010301 
  740 0.030339 
  741 0.448669 
  742 0.907124 
  743 0.148560 
  744 0.095252 
  745 0.166269 
  746 0.079203 
  747 0.119638 
  748 0.085467 
  749 0.130645 
  750 0.231754 
  751 0.555468 
  752 0.351414 
  753 0.282496 
  754 0.049600 
  755 0.150413 
  756 0.294082 
  757 0.240244 
  758 0.258210 
  759 0.218583 
  760 0.736497 
  761 0.282512 
  762 0.182179 
  763 0.138557 
  764 0.111496 
  765 0.156175 
  766 0.072313 
  767 0.452672 
  768 0.553877 
  769 1.000000 
  770 0.116960 
  771 0.024017 
  772 0.019105 
  773 0.063414 
  774 0.215307 
  775 0.097503 
  776 0.123411 
  777 0.212247 
  778 0.748520 
  779 0.426983 
  780 0.104858 
  781 0.097575 
  782 0.242915 
  783 0.208882 
  784 0.045453 
  785 0.042576 
  786 0.136487 
  787 0.112590 
  788 0.551759 
  789 0.491111 
  790 0.129089 
  791 0.055284 
  792 0.130176 
  793 0.060274 
  794 0.377313 
  795 0.461670 
  796 0.833524 
  797 0.097489 
  798 0.020019 
  799 0.015924 
  800 0.052857 
  801 0.047837 
  802 0.313026 
  803 0.243428 
  804 0.551323 
  805 1.000000 
  806 0.620379 
  807 0.216381 
  808 0.020627 
  809 0.181667 
  810 0.174109 
  811 0.037886 
  812 0.035488 
  813 0.113765 
  814 0.093847 
  815 0.459905 
  816 0.409353 
  817 0.107599 
  818 0.046080 
  819 0.301609 
  820 0.362683 
  821 0.300076 
  822 0.174892 
  823 0.158770 
  824 0.328858 
  825 0.119076 
  826 0.156884 
  827 0.210777 
  828 0.036236 
  829 0.237116 
  830 0.184395 
  831 0.417625 
  832 0.757495 
  833 0.469934 
  834 0.163908 
  835 0.015625 
  836 0.137612 
  837 0.184741 
  838 0.126682 
  839 0.127604 
  840 1.000000 
  841 0.674008 
  842 0.233222 
  843 0.133568 
  844 0.143505 
  845 0.119752 
  846 0.228468 
  847 0.274730 
  848 0.227306 
  849 0.132480 
  850 0.120268 
  851 0.249108 
  852 0.090200 
  853 0.118839 
  854 0.159663 
  855 0.077308 
  856 0.071907 
  857 0.310873 
  858 0.424474 
  859 0.514012 
  860 0.878388 
  861 0.418404 
  862 0.246460 
  863 0.162351 
  864 0.117807 
  865 0.080783 
  866 0.081371 
  867 0.637684 
  868 0.429804 
  869 0.148722 
  870 0.085174 
  871 0.091511 
  872 0.076364 
  873 0.003692 
  874 0.003020 
  875 0.024396 
  876 0.037034 
  877 1.000000 
  878 0.049026 
  879 0.005395 
  880 0.004085 
  881 0.026696 
  882 0.049298 
  883 0.045854 
  884 0.198239 
  885 0.270680 
  886 0.327777 
  887 0.560134 
  888 0.266810 
  889 0.157164 
  890 0.103528 
  891 0.162038 
  892 0.077908 
  893 0.116051 
  894 0.179189 
  895 0.103442 
  896 0.139634 
  897 0.065971 
  898 0.118846 
  899 0.118050 
  900 0.003692 
  901 0.003020 
  902 0.024396 
  903 0.037034 
  904 1.000000 
  905 0.049026 
  906 0.005395 
  907 0.004085 
  908 0.026696 
  909 0.016396 
  910 0.011077 
  911 0.102675 
  912 0.195647 
  913 0.420046 
  914 0.314933 
  915 0.028369 
  916 0.005667 
  917 0.042227 
  918 0.162038 
  919 0.077908 
  920 0.116051 
  921 0.179189 
  922 0.103442 
  923 0.139634 
  924 0.065971 
  925 0.118846 
  926 0.118050 
  927 0.117405 
  928 0.131052 
  929 0.090637 
  930 0.070614 
  931 0.177742 
  932 0.088374 
  933 0.105552 
  934 0.136192 
  935 0.144386 
  936 0.035142 
  937 0.023741 
  938 0.220067 
  939 0.419338 
  940 0.900301 
  941 0.675008 
  942 0.060804 
  943 0.012146 
  944 0.090508 
  945 0.039441 
  946 0.011356 
  947 0.033445 
  948 0.494606 
  949 1.000000 
  950 0.163770 
  951 0.105004 
  952 0.183292 
  953 0.087313 
  954 0.251639 
  955 0.280890 
  956 0.194266 
  957 0.151350 
  958 0.380962 
  959 0.189416 
  960 0.226234 
  961 0.291905 
  962 0.309469 
  963 0.131705 
  964 0.037160 
  965 0.089052 
  966 0.393505 
  967 0.671361 
  968 0.105591 
  969 0.163093 
  970 0.286536 
  971 0.155821 
  972 0.039441 
  973 0.011356 
  974 0.033445 
  975 0.494606 
  976 1.000000 
  977 0.163770 
  978 0.105004 
  979 0.183292 
  980 0.087313 
  981 0.131887 
  982 0.094218 
  983 0.144021 
  984 0.255482 
  985 0.612340 
  986 0.387393 
  987 0.311420 
  988 0.054679 
  989 0.165813 
  990 0.131705 
  991 0.037160 
  992 0.089052 
  993 0.393505 
  994 0.671361 
  995 0.105591 
  996 0.163093 
  997 0.286536 
  998 0.155821 
  999 0.059621 
 1000 0.392477 
 1001 0.495427 
 1002 0.383768 
 1003 0.145917 
 1004 0.200364 
 1005 0.114911 
 1006 0.064847 
 1007 0.100044 
 1008 0.287644 
 1009 0.130261 
 1010 0.164873 
 1011 0.283555 
 1012 1.000000 
 1013 0.570436 
 1014 0.140087 
 1015 0.130357 
 1016 0.324526 
 1017 0.279061 
 1018 0.060724 
 1019 0.056880 
 1020 0.182343 
 1021 0.150417 
 1022 0.737134 
 1023 0.656109 
 1024 0.172460 
 1025 0.073857 
 1026 0.894215 
 1027 0.200393 
 1028 0.280666 
 1029 0.450609 
 1030 0.593933 
 1031 0.506444 
 1032 0.298271 
 1033 0.816434 
 1034 0.247889 
 1035 0.143065 
 1036 0.145788 
 1037 0.321231 
 1038 0.308723 
 1039 0.455958 
 1040 0.977211 
 1041 0.678254 
 1042 0.667538 
 1043 0.198600 
 1044 0.285569 
 1045 0.062140 
 1046 0.058206 
 1047 0.186595 
 1048 0.153925 
 1049 0.754324 
 1050 0.671410 
 1051 0.176481 
 1052 0.075580 
 1053 0.494692 
 1054 0.594863 
 1055 0.492177 
 1056 0.286853 
 1057 0.260411 
 1058 0.539385 
 1059 0.195306 
 1060 0.257317 
 1061 0.345712 
 1062 0.146402 
 1063 0.149188 
 1064 0.328722 
 1065 0.315923 
 1066 0.466591 
 1067 1.000000 
 1068 0.694071 
 1069 0.683105 
 1070 0.203231 
 1071 0.072689 
 1072 0.122012 
 1073 0.478781 
 1074 0.549139 
 1075 0.345771 
 1076 0.184217 
 1077 0.085671 
 1078 0.118065 
 1079 0.010779 
 1080 0.260099 
 1081 0.312767 
 1082 0.258776 
 1083 0.150821 
 1084 0.136919 
 1085 0.283597 
 1086 0.102688 
 1087 0.135292 
 1088 0.181768 
 1089 0.088011 
 1090 0.081863 
 1091 0.353914 
 1092 0.483242 
 1093 0.585176 
 1094 1.000000 
 1095 0.476332 
 1096 0.280582 
 1097 0.184828 
 1098 0.038218 
 1099 0.064151 
 1100 0.251733 
 1101 0.288726 
 1102 0.181799 
 1103 0.096857 
 1104 0.045044 
 1105 0.062076 
 1106 0.005667 
 1107 0.044366 
 1108 0.248752 
 1109 0.113803 
 1110 0.326260 
 1111 0.575311 
 1112 0.816611 
 1113 0.415617 
 1114 0.376543 
 1115 0.056487 
 1116 0.088011 
 1117 0.081863 
 1118 0.353914 
 1119 0.483242 
 1120 0.585176 
 1121 1.000000 
 1122 0.476332 
 1123 0.280582 
 1124 0.184828 
 1125 0.289285 
 1126 0.139089 
 1127 0.207184 
 1128 0.319903 
 1129 0.184673 
 1130 0.249288 
 1131 0.117777 
 1132 0.212175 
 1133 0.210754 
 1134 0.044366 
 1135 0.248752 
 1136 0.113803 
 1137 0.326260 
 1138 0.575311 
 1139 0.816611 
 1140 0.415617 
 1141 0.376543 
 1142 0.056487 
 1143 0.512913 
 1144 0.201846 
 1145 0.098087 
 1146 0.088381 
 1147 0.059982 
 1148 0.090897 
 1149 0.078403 
 1150 0.115422 
 1151 0.358437 
 1152 0.338746 
 1153 0.162869 
 1154 0.242608 
 1155 0.374599 
 1156 0.216248 
 1157 0.291910 
 1158 0.137914 
 1159 0.248452 
 1160 0.246787 
 1161 0.245439 
 1162 0.273969 
 1163 0.189480 
 1164 0.147621 
 1165 0.371576 
 1166 0.184749 
 1167 0.220660 
 1168 0.284713 
 1169 0.301844 
 1170 0.600609 
 1171 0.236357 
 1172 0.114857 
 1173 0.103492 
 1174 0.070238 
 1175 0.106438 
 1176 0.091808 
 1177 0.135156 
 1178 0.419722 
 1179 0.174797 
 1180 0.171617 
 1181 0.068895 
 1182 0.254402 
 1183 1.000000 
 1184 0.642532 
 1185 0.031993 
 1186 0.134480 
 1187 0.065255 
 1188 0.239896 
 1189 0.267782 
 1190 0.185200 
 1191 0.144287 
 1192 0.363184 
 1193 0.180576 
 1194 0.215676 
 1195 0.278283 
 1196 0.295027 
 1197 0.125559 
 1198 0.035426 
 1199 0.084896 
 1200 0.375141 
 1201 0.640031 
 1202 0.100663 
 1203 0.155482 
 1204 0.273165 
 1205 0.148549 
 1206 0.170849 
 1207 0.167741 
 1208 0.067339 
 1209 0.248656 
 1210 0.977416 
 1211 0.628021 
 1212 0.031270 
 1213 0.131443 
 1214 0.063781 
 1215 0.022266 
 1216 0.073113 
 1217 0.153918 
 1218 0.868478 
 1219 1.000000 
 1220 0.277551 
 1221 0.039714 
 1222 0.073875 
 1223 0.266386 
 1224 0.125559 
 1225 0.035426 
 1226 0.084896 
 1227 0.375141 
 1228 0.640031 
 1229 0.100663 
 1230 0.155482 
 1231 0.273165 
 1232 0.148549 
 1233 0.056838 
 1234 0.374162 
 1235 0.472307 
 1236 0.365859 
 1237 0.139108 
 1238 0.191014 
 1239 0.109549 
 1240 0.061821 
 1241 0.095375 
 1242 0.022266 
 1243 0.073113 
 1244 0.153918 
 1245 0.868478 
 1246 1.000000 
 1247 0.277551 
 1248 0.039714 
 1249 0.073875 
 1250 0.266386 
 1251 0.078957 
 1252 0.049754 
 1253 0.137513 
 1254 0.227716 
 1255 0.230808 
 1256 0.046591 
 1257 0.022760 
 1258 0.023458 
 1259 0.021549 
 1260 0.642017 
 1261 0.143876 
 1262 0.201509 
 1263 0.323523 
 1264 0.426424 
 1265 0.363610 
 1266 0.214149 
 1267 0.586172 
 1268 0.177976 
 1269 0.102716 
 1270 0.104671 
 1271 0.230633 
 1272 0.221653 
 1273 0.327363 
 1274 0.701605 
 1275 0.486964 
 1276 0.479270 
 1277 0.142588 
 1278 0.052976 
 1279 0.063691 
 1280 0.092013 
 1281 0.033551 
 1282 0.084916 
 1283 0.358397 
 1284 1.000000 
 1285 0.586973 
 1286 0.294675 
 1287 0.036082 
 1288 0.062371 
 1289 0.142021 
 1290 0.143525 
 1291 0.479635 
 1292 0.259258 
 1293 0.043684 
 1294 0.147023 
 1295 0.099060 
 1296 0.093865 
 1297 0.095652 
 1298 0.210759 
 1299 0.202553 
 1300 0.299153 
 1301 0.641146 
 1302 0.445001 
 1303 0.437970 
 1304 0.130301 
 1305 0.046604 
 1306 0.078228 
 1307 0.306969 
 1308 0.352079 
 1309 0.221690 
 1310 0.118110 
 1311 0.054928 
 1312 0.075697 
 1313 0.006911 
 1314 0.032973 
 1315 0.056996 
 1316 0.129783 
 1317 0.131157 
 1318 0.438304 
 1319 0.236917 
 1320 0.039920 
 1321 0.134353 
 1322 0.090524 
 1323 0.047342 
 1324 0.029903 
 1325 0.164305 
 1326 0.260952 
 1327 1.000000 
 1328 0.237187 
 1329 0.038641 
 1330 0.063322 
 1331 0.005734 
 1332 0.046604 
 1333 0.078228 
 1334 0.306969 
 1335 0.352079 
 1336 0.221690 
 1337 0.118110 
 1338 0.054928 
 1339 0.075697 
 1340 0.006911 
 1341 0.054101 
 1342 0.303334 
 1343 0.138774 
 1344 0.397848 
 1345 0.701546 
 1346 0.995793 
 1347 0.506812 
 1348 0.459164 
 1349 0.068881 
 1350 0.047342 
 1351 0.029903 
 1352 0.164305 
 1353 0.260952 
 1354 1.000000 
 1355 0.237187 
 1356 0.038641 
 1357 0.063322 
 1358 0.005734 
 1359 0.202902 
 1360 0.230652 
 1361 0.163760 
 1362 0.590350 
 1363 0.539284 
 1364 0.475343 
 1365 0.274912 
 1366 -0.000001 
 1367 0.022091 
 1368 0.054329 
 1369 0.304615 
 1370 0.139360 
 1371 0.399529 
 1372 0.704510 
 1373 1.000000 
 1374 0.508953 
 1375 0.461104 
 1376 0.069172 
 1377 0.628099 
 1378 0.247176 
 1379 0.120114 
 1380 0.108229 
 1381 0.073453 
 1382 0.111310 
 1383 0.096010 
 1384 0.141342 
 1385 0.438932 
 1386 0.203759 
 1387 0.231626 
 1388 0.164452 
 1389 0.592844 
 1390 0.541562 
 1391 0.477351 
 1392 0.276073 
 1393 -0.000001 
 1394 0.022185 
 1395 0.953800 
 1396 0.121546 
 1397 0.083819 
 1398 0.036165 
 1399 0.234423 
 1400 0.176190 
 1401 0.057785 
 1402 0.069801 
 1403 0.503821 
 1404 0.600609 
 1405 0.236357 
 1406 0.114857 
 1407 0.103492 
 1408 0.070238 
 1409 0.106438 
 1410 0.091808 
 1411 0.135156 
 1412 0.419722 
 1413 0.174797 
 1414 0.171617 
 1415 0.068895 
 1416 0.254402 
 1417 1.000000 
 1418 0.642532 
 1419 0.031993 
 1420 0.134480 
 1421 0.065255 
 1422 0.912055 
 1423 0.116226 
 1424 0.080151 
 1425 0.034582 
 1426 0.224163 
 1427 0.168479 
 1428 0.055256 
 1429 0.066746 
 1430 0.481770 
 1431 0.022351 
 1432 -0.000001 
 1433 0.097803 
 1434 0.364104 
 1435 0.810749 
 1436 0.382174 
 1437 0.186962 
 1438 0.000000 
 1439 0.134392 
 1440 0.170849 
 1441 0.167741 
 1442 0.067339 
 1443 0.248656 
 1444 0.977416 
 1445 0.628021 
 1446 0.031270 
 1447 0.131443 
 1448 0.063781 
 1449 0.022266 
 1450 0.073113 
 1451 0.153918 
 1452 0.868478 
 1453 1.000000 
 1454 0.277551 
 1455 0.039714 
 1456 0.073875 
 1457 0.266386 
 1458 0.021847 
 1459 -0.000001 
 1460 0.095595 
 1461 0.355881 
 1462 0.792439 
 1463 0.373542 
 1464 0.182740 
 1465 0.000000 
 1466 0.131357 
 1467 0.017528 
 1468 0.084464 
 1469 0.023780 
 1470 0.215026 
 1471 0.834255 
 1472 0.099255 
 1473 0.008429 
 1474 0.035045 
 1475 0.025587 
 1476 0.022266 
 1477 0.073113 
 1478 0.153918 
 1479 0.868478 
 1480 1.000000 
 1481 0.277551 
 1482 0.039714 
 1483 0.073875 
 1484 0.266386 
 1485 0.078957 
 1486 0.049754 
 1487 0.137513 
 1488 0.227716 
 1489 0.230808 
 1490 0.046591 
 1491 0.022760 
 1492 0.023458 
 1493 0.021549 
 1494 0.017528 
 1495 0.084464 
 1496 0.023780 
 1497 0.215026 
 1498 0.834255 
 1499 0.099255 
 1500 0.008429 
 1501 0.035045 
 1502 0.025587 
 1503 0.044091 
 1504 0.012515 
 1505 0.251321 
 1506 0.536668 
 1507 0.601080 
 1508 0.081223 
 1509 0.025203 
 1510 0.036804 
 1511 0.049031 
 1512 0.013926 
 1513 0.016743 
 1514 0.024188 
 1515 0.008820 
 1516 0.022322 
 1517 0.094214 
 1518 0.262877 
 1519 0.154302 
 1520 0.077463 
 1521 0.009485 
 1522 0.016396 
 1523 0.037334 
 1524 0.037729 
 1525 0.126085 
 1526 0.068153 
 1527 0.011484 
 1528 0.038649 
 1529 0.026041 
 1530 0.009301 
 1531 0.018037 
 1532 0.004774 
 1533 0.143363 
 1534 1.000000 
 1535 0.082561 
 1536 0.023575 
 1537 0.017655 
 1538 0.000000 
 1539 0.004867 
 1540 0.011456 
 1541 0.009360 
 1542 0.161738 
 1543 0.236746 
 1544 0.057620 
 1545 0.010938 
 1546 0.009868 
 1547 0.004842 
 1548 0.032973 
 1549 0.056996 
 1550 0.129783 
 1551 0.131157 
 1552 0.438304 
 1553 0.236917 
 1554 0.039920 
 1555 0.134353 
 1556 0.090524 
 1557 0.047342 
 1558 0.029903 
 1559 0.164305 
 1560 0.260952 
 1561 1.000000 
 1562 0.237187 
 1563 0.038641 
 1564 0.063322 
 1565 0.005734 
 1566 0.016920 
 1567 0.039825 
 1568 0.032538 
 1569 0.562244 
 1570 0.822992 
 1571 0.200301 
 1572 0.038023 
 1573 0.034304 
 1574 0.016832 
 1575 0.036817 
 1576 0.007880 
 1577 0.042687 
 1578 0.466619 
 1579 0.326032 
 1580 0.070823 
 1581 0.057697 
 1582 0.037430 
 1583 0.040177 
 1584 0.047342 
 1585 0.029903 
 1586 0.164305 
 1587 0.260952 
 1588 1.000000 
 1589 0.237187 
 1590 0.038641 
 1591 0.063322 
 1592 0.005734 
 1593 0.202902 
 1594 0.230652 
 1595 0.163760 
 1596 0.590350 
 1597 0.539284 
 1598 0.475343 
 1599 0.274912 
 1600 -0.000001 
 1601 0.022091 
 1602 0.036817 
 1603 0.007880 
 1604 0.042687 
 1605 0.466619 
 1606 0.326032 
 1607 0.070823 
 1608 0.057697 
 1609 0.037430 
 1610 0.040177 
 1611 0.049263 
 1612 0.198249 
 1613 0.248173 
 1614 0.427841 
 1615 0.219646 
 1616 0.479437 
 1617 0.269134 
 1618 0.081877 
 1619 0.246238 
 1620 0.213629 
 1621 0.242846 
 1622 0.172418 
 1623 0.621561 
 1624 0.567794 
 1625 0.500473 
 1626 0.289445 
 1627 -0.000001 
 1628 0.023259 
 1629 1.000000 
 1630 0.127433 
 1631 0.087879 
 1632 0.037917 
 1633 0.245778 
 1634 0.184724 
 1635 0.060584 
 1636 0.073182 
 1637 0.528225 
 1638 0.051867 
 1639 0.208729 
 1640 0.261293 
 1641 0.450460 
 1642 0.231258 
 1643 0.504783 
 1644 0.283362 
 1645 0.086206 
 1646 0.259255 
 1647 0.078814 
 1648 0.018271 
 1649 0.060810 
 1650 0.093372 
 1651 0.091179 
 1652 0.174624 
 1653 0.164298 
 1654 0.160255 
 1655 0.110301 
 1656 1.000000 
 1657 0.127433 
 1658 0.087879 
 1659 0.037917 
 1660 0.245778 
 1661 0.184724 
 1662 0.060584 
 1663 0.073182 
 1664 0.528225 
 1665 0.024507 
 1666 -0.000001 
 1667 0.107234 
 1668 0.399213 
 1669 0.888926 
 1670 0.419025 
 1671 0.204990 
 1672 0.000000 
 1673 0.147351 
 1674 0.078814 
 1675 0.018271 
 1676 0.060810 
 1677 0.093372 
 1678 0.091179 
 1679 0.174624 
 1680 0.164298 
 1681 0.160255 
 1682 0.110301 
 1683 0.001003 
 1684 0.038417 
 1685 0.055689 
 1686 0.085776 
 1687 0.776376 
 1688 0.201462 
 1689 0.042884 
 1690 0.011495 
 1691 0.006830 
 1692 0.017800 
 1693 -0.000001 
 1694 0.077888 
 1695 0.289962 
 1696 0.645658 
 1697 0.304352 
 1698 0.148891 
 1699 0.000000 
 1700 0.107026 
 1701 0.014281 
 1702 0.068819 
 1703 0.019375 
 1704 0.175197 
 1705 0.679728 
 1706 0.080870 
 1707 0.006868 
 1708 0.028554 
 1709 0.020847 
 1710 0.000729 
 1711 0.027904 
 1712 0.040449 
 1713 0.062302 
 1714 0.563909 
 1715 0.146329 
 1716 0.031148 
 1717 0.008349 
 1718 0.004961 
 1719 -0.000002 
 1720 0.000990 
 1721 0.005304 
 1722 0.067893 
 1723 1.000000 
 1724 0.002204 
 1725 0.008589 
 1726 0.000515 
 1727 0.001823 
 1728 0.014281 
 1729 0.068819 
 1730 0.019375 
 1731 0.175197 
 1732 0.679728 
 1733 0.080870 
 1734 0.006868 
 1735 0.028554 
 1736 0.020847 
 1737 0.035924 
 1738 0.010197 
 1739 0.204769 
 1740 0.437262 
 1741 0.489743 
 1742 0.066178 
 1743 0.020534 
 1744 0.029987 
 1745 0.039949 
 1746 -0.000002 
 1747 0.000990 
 1748 0.005304 
 1749 0.067893 
 1750 1.000000 
 1751 0.002204 
 1752 0.008589 
 1753 0.000515 
 1754 0.001823 
 1755 0.029182 
 1756 0.015788 
 1757 0.037894 
 1758 0.857270 
 1759 0.603482 
 1760 0.224444 
 1761 0.039042 
 1762 0.033979 
 1763 0.045621 
 1764 0.009301 
 1765 0.018037 
 1766 0.004774 
 1767 0.143363 
 1768 1.000000 
 1769 0.082561 
 1770 0.023575 
 1771 0.017655 
 1772 0.000000 
 1773 0.004867 
 1774 0.011456 
 1775 0.009360 
 1776 0.161738 
 1777 0.236746 
 1778 0.057620 
 1779 0.010938 
 1780 0.009868 
 1781 0.004842 
 1782 0.000000 
 1783 0.000000 
 1784 0.054971 
 1785 0.238039 
 1786 0.902115 
 1787 0.004083 
 1788 0.000000 
 1789 0.010624 
 1790 0.001483 
 1791 0.023354 
 1792 0.003485 
 1793 0.084029 
 1794 0.074965 
 1795 0.402079 
 1796 0.082180 
 1797 0.069699 
 1798 0.049316 
 1799 0.031045 
 1800 0.012105 
 1801 0.028492 
 1802 0.023279 
 1803 0.402255 
 1804 0.588806 
 1805 0.143305 
 1806 0.027204 
 1807 0.024543 
 1808 0.012043 
 1809 0.026341 
 1810 0.005638 
 1811 0.030541 
 1812 0.333840 
 1813 0.233258 
 1814 0.050670 
 1815 0.041279 
 1816 0.026779 
 1817 0.028745 
 1818 0.058083 
 1819 0.008668 
 1820 0.208987 
 1821 0.186443 
 1822 1.000000 
 1823 0.204388 
 1824 0.173346 
 1825 0.122651 
 1826 0.077212 
 1827 0.018871 
 1828 0.009966 
 1829 0.017852 
 1830 0.058083 
 1831 0.169429 
 1832 0.135441 
 1833 0.019674 
 1834 0.029916 
 1835 0.182663 
 1836 0.073799 
 1837 0.015795 
 1838 0.085566 
 1839 0.935324 
 1840 0.653522 
 1841 0.141962 
 1842 0.115652 
 1843 0.075028 
 1844 0.080534 
 1845 0.098746 
 1846 0.397384 
 1847 0.497455 
 1848 0.857595 
 1849 0.440274 
 1850 0.961017 
 1851 0.539471 
 1852 0.164121 
 1853 0.493576 
 1854 0.052871 
 1855 0.027921 
 1856 0.050016 
 1857 0.162731 
 1858 0.474691 
 1859 0.379465 
 1860 0.055120 
 1861 0.083816 
 1862 0.511768 
 1863 0.017216 
 1864 0.057726 
 1865 0.077453 
 1866 0.187937 
 1867 1.000000 
 1868 0.172995 
 1869 0.144754 
 1870 0.081382 
 1871 0.018560 
 1872 0.098746 
 1873 0.397384 
 1874 0.497455 
 1875 0.857595 
 1876 0.440274 
 1877 0.961017 
 1878 0.539471 
 1879 0.164121 
 1880 0.493576 
 1881 0.150049 
 1882 0.034785 
 1883 0.115771 
 1884 0.177763 
 1885 0.173589 
 1886 0.332453 
 1887 0.312794 
 1888 0.305097 
 1889 0.209994 
 1890 0.017216 
 1891 0.057726 
 1892 0.077453 
 1893 0.187937 
 1894 1.000000 
 1895 0.172995 
 1896 0.144754 
 1897 0.081382 
 1898 0.018560 
 1899 0.202263 
 1900 0.273458 
 1901 0.149740 
 1902 0.182404 
 1903 0.062400 
 1904 0.152209 
 1905 0.149369 
 1906 0.067664 
 1907 0.124713 
 1908 0.101516 
 1909 0.023534 
 1910 0.078325 
 1911 0.120266 
 1912 0.117442 
 1913 0.224922 
 1914 0.211622 
 1915 0.206414 
 1916 0.142072 
 1917 0.001292 
 1918 0.049483 
 1919 0.071729 
 1920 0.110482 
 1921 1.000000 
 1922 0.259490 
 1923 0.055236 
 1924 0.014806 
 1925 0.008798 
 1926 0.136842 
 1927 0.185009 
 1928 0.101307 
 1929 0.123406 
 1930 0.042217 
 1931 0.102977 
 1932 0.101056 
 1933 0.045778 
 1934 0.084375 
 1935 0.054242 
 1936 0.021756 
 1937 0.020582 
 1938 0.129488 
 1939 0.553181 
 1940 0.131690 
 1941 0.167045 
 1942 0.132639 
 1943 0.114794 
 1944 0.000729 
 1945 0.027904 
 1946 0.040449 
 1947 0.062302 
 1948 0.563909 
 1949 0.146329 
 1950 0.031148 
 1951 0.008349 
 1952 0.004961 
 1953 -0.000002 
 1954 0.000990 
 1955 0.005304 
 1956 0.067893 
 1957 1.000000 
 1958 0.002204 
 1959 0.008589 
 1960 0.000515 
 1961 0.001823 
 1962 0.030588 
 1963 0.012269 
 1964 0.011606 
 1965 0.073020 
 1966 0.311944 
 1967 0.074261 
 1968 0.094198 
 1969 0.074796 
 1970 0.064733 
 1971 0.002008 
 1972 0.000515 
 1973 0.009843 
 1974 0.119350 
 1975 0.721655 
 1976 0.027449 
 1977 0.003919 
 1978 0.000000 
 1979 0.003216 
 1980 -0.000002 
 1981 0.000990 
 1982 0.005304 
 1983 0.067893 
 1984 1.000000 
 1985 0.002204 
 1986 0.008589 
 1987 0.000515 
 1988 0.001823 
 1989 0.029182 
 1990 0.015788 
 1991 0.037894 
 1992 0.857270 
 1993 0.603482 
 1994 0.224444 
 1995 0.039042 
 1996 0.033979 
 1997 0.045621 
 1998 0.002008 
 1999 0.000515 
 2000 0.009843 
 2001 0.119350 
 2002 0.721655 
 2003 0.027449 
 2004 0.003919 
 2005 0.000000 
 2006 0.003216 
 2007 0.036183 
 2008 0.079678 
 2009 0.165383 
 2010 0.524503 
 2011 0.773767 
 2012 0.103000 
 2013 0.064114 
 2014 0.010608 
 2015 0.000002 
 2016 0.000000 
 2017 0.000000 
 2018 0.060936 
 2019 0.263868 
 2020 1.000000 
 2021 0.004526 
 2022 0.000000 
 2023 0.011777 
 2024 0.001644 
 2025 0.025888 
 2026 0.003863 
 2027 0.093147 
 2028 0.083099 
 2029 0.445707 
 2030 0.091097 
 2031 0.077261 
 2032 0.054667 
 2033 0.034414 
 2034 0.003859 
 2035 0.059123 
 2036 0.052163 
 2037 0.076976 
 2038 0.317664 
 2039 0.059260 
 2040 0.029482 
 2041 0.002323 
 2042 0.008232 
 2043 0.039755 
 2044 0.015884 
 2045 0.008464 
 2046 0.039818 
 2047 0.468520 
 2048 0.090424 
 2049 0.028622 
 2050 0.002478 
 2051 0.018529 
 2052 0.055255 
 2053 0.008246 
 2054 0.198811 
 2055 0.177365 
 2056 0.951308 
 2057 0.194436 
 2058 0.164905 
 2059 0.116679 
 2060 0.073452 
 2061 0.017952 
 2062 0.009480 
 2063 0.016983 
 2064 0.055255 
 2065 0.161179 
 2066 0.128846 
 2067 0.018716 
 2068 0.028459 
 2069 0.173768 
 2070 0.084853 
 2071 0.033903 
 2072 0.018064 
 2073 0.084988 
 2074 1.000000 
 2075 0.193000 
 2076 0.061091 
 2077 0.005290 
 2078 0.039547 
 2079 0.000000 
 2080 0.000000 
 2081 0.000598 
 2082 0.148390 
 2083 0.489807 
 2084 0.119617 
 2085 0.036825 
 2086 0.001763 
 2087 0.000324 
 2088 0.036651 
 2089 0.019355 
 2090 0.034672 
 2091 0.112809 
 2092 0.329066 
 2093 0.263054 
 2094 0.038211 
 2095 0.058103 
 2096 0.354769 
 2097 0.011934 
 2098 0.040017 
 2099 0.053692 
 2100 0.130282 
 2101 0.693223 
 2102 0.119924 
 2103 0.100347 
 2104 0.056416 
 2105 0.012866 
 2106 0.000000 
 2107 0.000000 
 2108 0.001220 
 2109 0.302957 
 2110 1.000000 
 2111 0.244213 
 2112 0.075182 
 2113 0.003600 
 2114 0.000662 
 2115 0.022176 
 2116 0.019078 
 2117 0.021698 
 2118 0.102914 
 2119 0.937092 
 2120 0.247531 
 2121 0.137794 
 2122 0.063724 
 2123 0.011370 
 2124 0.012735 
 2125 0.042704 
 2126 0.057297 
 2127 0.139028 
 2128 0.739759 
 2129 0.127974 
 2130 0.107083 
 2131 0.060203 
 2132 0.013730 
 2133 0.149626 
 2134 0.202293 
 2135 0.110771 
 2136 0.134935 
 2137 0.046161 
 2138 0.112598 
 2139 0.110497 
 2140 0.050055 
 2141 0.092258 
 2142 0.023665 
 2143 0.020359 
 2144 0.023155 
 2145 0.109822 
 2146 1.000000 
 2147 0.264148 
 2148 0.147044 
 2149 0.068001 
 2150 0.012133 
 2151 0.239501 
 2152 0.006928 
 2153 0.017242 
 2154 0.007711 
 2155 0.008032 
 2156 0.017341 
 2157 0.031898 
 2158 0.085287 
 2159 0.271130 
 2160 0.137616 
 2161 0.186055 
 2162 0.101880 
 2163 0.124104 
 2164 0.042456 
 2165 0.103559 
 2166 0.101628 
 2167 0.046037 
 2168 0.084852 
 2169 0.054549 
 2170 0.021879 
 2171 0.020698 
 2172 0.130220 
 2173 0.556309 
 2174 0.132435 
 2175 0.167989 
 2176 0.133389 
 2177 0.115443 
 2178 0.220276 
 2179 0.006372 
 2180 0.015858 
 2181 0.007092 
 2182 0.007387 
 2183 0.015949 
 2184 0.029337 
 2185 0.078441 
 2186 0.249366 
 2187 0.049867 
 2188 0.028018 
 2189 0.028800 
 2190 0.315020 
 2191 1.000000 
 2192 0.154850 
 2193 0.046592 
 2194 0.152693 
 2195 0.107675 
 2196 0.042386 
 2197 0.017001 
 2198 0.016083 
 2199 0.101183 
 2200 0.432262 
 2201 0.102904 
 2202 0.130531 
 2203 0.103646 
 2204 0.089701 
 2205 0.002783 
 2206 0.000713 
 2207 0.013639 
 2208 0.165383 
 2209 1.000000 
 2210 0.038036 
 2211 0.005431 
 2212 0.000000 
 2213 0.004456 
 2214 0.038748 
 2215 0.021771 
 2216 0.022378 
 2217 0.244776 
 2218 0.777017 
 2219 0.120321 
 2220 0.036203 
 2221 0.118645 
 2222 0.083665 
 2223 0.023344 
 2224 0.096173 
 2225 0.083345 
 2226 0.393473 
 2227 0.443971 
 2228 0.516365 
 2229 0.191954 
 2230 0.264632 
 2231 0.042831 
 2232 0.002595 
 2233 0.000665 
 2234 0.012721 
 2235 0.154245 
 2236 0.932652 
 2237 0.035474 
 2238 0.005065 
 2239 0.000000 
 2240 0.004156 
 2241 0.046762 
 2242 0.102975 
 2243 0.213738 
 2244 0.677857 
 2245 1.000000 
 2246 0.133115 
 2247 0.082860 
 2248 0.013709 
 2249 0.000002 
 2250 0.021772 
 2251 0.089696 
 2252 0.077732 
 2253 0.366973 
 2254 0.414071 
 2255 0.481589 
 2256 0.179026 
 2257 0.246809 
 2258 0.039946 
 2259 0.039502 
 2260 0.006646 
 2261 0.061123 
 2262 0.519893 
 2263 0.742719 
 2264 0.477900 
 2265 0.118938 
 2266 0.027430 
 2267 0.026567 
 2268 0.008237 
 2269 0.126191 
 2270 0.111335 
 2271 0.164297 
 2272 0.678017 
 2273 0.126484 
 2274 0.062926 
 2275 0.004958 
 2276 0.017569 
 2277 0.084853 
 2278 0.033903 
 2279 0.018064 
 2280 0.084988 
 2281 1.000000 
 2282 0.193000 
 2283 0.061091 
 2284 0.005290 
 2285 0.039547 
 2286 0.049925 
 2287 0.071350 
 2288 0.059505 
 2289 0.204231 
 2290 0.694746 
 2291 0.316313 
 2292 0.036927 
 2293 0.031958 
 2294 0.049924 
 2295 0.030900 
 2296 0.137069 
 2297 0.044311 
 2298 0.300821 
 2299 0.652985 
 2300 0.102343 
 2301 0.013256 
 2302 0.009044 
 2303 0.000000 
 2304 0.084853 
 2305 0.033903 
 2306 0.018064 
 2307 0.084988 
 2308 1.000000 
 2309 0.193000 
 2310 0.061091 
 2311 0.005290 
 2312 0.039547 
 2313 0.000000 
 2314 0.000000 
 2315 0.000598 
 2316 0.148390 
 2317 0.489807 
 2318 0.119617 
 2319 0.036825 
 2320 0.001763 
 2321 0.000324 
 2322 0.030900 
 2323 0.137069 
 2324 0.044311 
 2325 0.300821 
 2326 0.652985 
 2327 0.102343 
 2328 0.013256 
 2329 0.009044 
 2330 0.000000 
 2331 0.000000 
 2332 0.000000 
 2333 0.003976 
 2334 0.084178 
 2335 0.662093 
 2336 0.200935 
 2337 0.025019 
 2338 0.021540 
 2339 -0.000000 
 2340 0.000000 
 2341 0.000000 
 2342 0.000695 
 2343 0.172425 
 2344 0.569141 
 2345 0.138992 
 2346 0.042789 
 2347 0.002049 
 2348 0.000377 
 2349 0.012621 
 2350 0.010858 
 2351 0.012349 
 2352 0.058572 
 2353 0.533338 
 2354 0.140880 
 2355 0.078424 
 2356 0.036268 
 2357 0.006471 
 2358 0.000000 
 2359 0.000000 
 2360 0.004620 
 2361 0.097812 
 2362 0.769332 
 2363 0.233480 
 2364 0.029071 
 2365 0.025029 
 2366 -0.000000 
 2367 0.010247 
 2368 0.018644 
 2369 0.119460 
 2370 0.249705 
 2371 1.000000 
 2372 0.018605 
 2373 0.015745 
 2374 0.022884 
 2375 0.064922 
 2376 0.012621 
 2377 0.010858 
 2378 0.012349 
 2379 0.058572 
 2380 0.533338 
 2381 0.140880 
 2382 0.078424 
 2383 0.036268 
 2384 0.006471 
 2385 0.127735 
 2386 0.003695 
 2387 0.009196 
 2388 0.004113 
 2389 0.004284 
 2390 0.009249 
 2391 0.017012 
 2392 0.045487 
 2393 0.144604 
 2394 0.010247 
 2395 0.018644 
 2396 0.119460 
 2397 0.249705 
 2398 1.000000 
 2399 0.018605 
 2400 0.015745 
 2401 0.022884 
 2402 0.064922 
 2403 0.071626 
 2404 0.085223 
 2405 0.028914 
 2406 0.011510 
 2407 0.000000 
 2408 0.000000 
 2409 0.013938 
 2410 0.061817 
 2411 0.077543 
 2412 0.109515 
 2413 0.003168 
 2414 0.007884 
 2415 0.003526 
 2416 0.003673 
 2417 0.007929 
 2418 0.014586 
 2419 0.038998 
 2420 0.123978 
 2421 0.024793 
 2422 0.013930 
 2423 0.014318 
 2424 0.156619 
 2425 0.497171 
 2426 0.076987 
 2427 0.023164 
 2428 0.075915 
 2429 0.053533 
 2430 0.061409 
 2431 0.073067 
 2432 0.024789 
 2433 0.009868 
 2434 0.000000 
 2435 0.000000 
 2436 0.011950 
 2437 0.052999 
 2438 0.066482 
 2439 0.000000 
 2440 0.022549 
 2441 0.028295 
 2442 0.049974 
 2443 1.000000 
 2444 0.241554 
 2445 0.081074 
 2446 0.007543 
 2447 0.001809 
 2448 0.019092 
 2449 0.010727 
 2450 0.011026 
 2451 0.120605 
 2452 0.382848 
 2453 0.059284 
 2454 0.017838 
 2455 0.058458 
 2456 0.041223 
 2457 0.011502 
 2458 0.047386 
 2459 0.041065 
 2460 0.193870 
 2461 0.218751 
 2462 0.254420 
 2463 0.094579 
 2464 0.130388 
 2465 0.021103 
 2466 0.000000 
 2467 0.017364 
 2468 0.021788 
 2469 0.038483 
 2470 0.770052 
 2471 0.186009 
 2472 0.062431 
 2473 0.005809 
 2474 0.001393 
 2475 0.000000 
 2476 0.000000 
 2477 0.032339 
 2478 0.157380 
 2479 1.000000 
 2480 0.098264 
 2481 0.017417 
 2482 0.022680 
 2483 0.005384 
 2484 0.011502 
 2485 0.047386 
 2486 0.041065 
 2487 0.193870 
 2488 0.218751 
 2489 0.254420 
 2490 0.094579 
 2491 0.130388 
 2492 0.021103 
 2493 0.020869 
 2494 0.003511 
 2495 0.032291 
 2496 0.274656 
 2497 0.392374 
 2498 0.252472 
 2499 0.062834 
 2500 0.014491 
 2501 0.014035 
 2502 0.000000 
 2503 0.000000 
 2504 0.032339 
 2505 0.157380 
 2506 1.000000 
 2507 0.098264 
 2508 0.017417 
 2509 0.022680 
 2510 0.005384 
 2511 0.001810 
 2512 0.020257 
 2513 0.043778 
 2514 0.122077 
 2515 0.857033 
 2516 0.222272 
 2517 0.069781 
 2518 0.016933 
 2519 0.044617 
 2520 0.058320 
 2521 0.083348 
 2522 0.069511 
 2523 0.238574 
 2524 0.811576 
 2525 0.369504 
 2526 0.043137 
 2527 0.037332 
 2528 0.058319 
 2529 0.036097 
 2530 0.160119 
 2531 0.051763 
 2532 0.351407 
 2533 0.762792 
 2534 0.119553 
 2535 0.015485 
 2536 0.010565 
 2537 0.000000 
 2538 0.000000 
 2539 0.192786 
 2540 0.160306 
 2541 0.394259 
 2542 0.842993 
 2543 0.348670 
 2544 0.221383 
 2545 0.047293 
 2546 0.002730 
 2547 0.290535 
 2548 0.082601 
 2549 0.265561 
 2550 0.693247 
 2551 1.000000 
 2552 0.445540 
 2553 0.176967 
 2554 0.139434 
 2555 0.260144 
 2556 0.036097 
 2557 0.160119 
 2558 0.051763 
 2559 0.351407 
 2560 0.762792 
 2561 0.119553 
 2562 0.015485 
 2563 0.010565 
 2564 0.000000 
 2565 0.000000 
 2566 0.000000 
 2567 0.004644 
 2568 0.098333 
 2569 0.773431 
 2570 0.234724 
 2571 0.029226 
 2572 0.025163 
 2573 -0.000000 
 2574 0.290535 
 2575 0.082601 
 2576 0.265561 
 2577 0.693247 
 2578 1.000000 
 2579 0.445540 
 2580 0.176967 
 2581 0.139434 
 2582 0.260144 
 2583 0.512390 
 2584 0.080158 
 2585 0.280758 
 2586 0.103488 
 2587 0.724173 
 2588 0.439042 
 2589 0.453616 
 2590 0.234763 
 2591 0.280105 
 2592 0.000000 
 2593 0.000000 
 2594 0.003715 
 2595 0.078649 
 2596 0.618610 
 2597 0.187738 
 2598 0.023375 
 2599 0.020126 
 2600 -0.000000 
 2601 0.008239 
 2602 0.014992 
 2603 0.096056 
 2604 0.200785 
 2605 0.804087 
 2606 0.014960 
 2607 0.012660 
 2608 0.018401 
 2609 0.052203 
 2610 0.409823 
 2611 0.064113 
 2612 0.224557 
 2613 0.082772 
 2614 0.579212 
 2615 0.351157 
 2616 0.362814 
 2617 0.187769 
 2618 0.224035 
 2619 0.012945 
 2620 0.027701 
 2621 0.118143 
 2622 0.310489 
 2623 1.000000 
 2624 0.198221 
 2625 0.037258 
 2626 0.086739 
 2627 0.034117 
 2628 0.008239 
 2629 0.014992 
 2630 0.096056 
 2631 0.200785 
 2632 0.804087 
 2633 0.014960 
 2634 0.012660 
 2635 0.018401 
 2636 0.052203 
 2637 0.057593 
 2638 0.068527 
 2639 0.023249 
 2640 0.009255 
 2641 0.000000 
 2642 0.000000 
 2643 0.011207 
 2644 0.049706 
 2645 0.062351 
 2646 0.012945 
 2647 0.027701 
 2648 0.118143 
 2649 0.310489 
 2650 1.000000 
 2651 0.198221 
 2652 0.037258 
 2653 0.086739 
 2654 0.034117 
 2655 0.121040 
 2656 0.018634 
 2657 0.021189 
 2658 0.017262 
 2659 0.009962 
 2660 0.022713 
 2661 0.010589 
 2662 0.006255 
 2663 0.299897 
 2664 0.061409 
 2665 0.073067 
 2666 0.024789 
 2667 0.009868 
 2668 0.000000 
 2669 0.000000 
 2670 0.011950 
 2671 0.052999 
 2672 0.066482 
 2673 0.000000 
 2674 0.022549 
 2675 0.028295 
 2676 0.049974 
 2677 1.000000 
 2678 0.241554 
 2679 0.081074 
 2680 0.007543 
 2681 0.001809 
 2682 0.129059 
 2683 0.019869 
 2684 0.022593 
 2685 0.018405 
 2686 0.010623 
 2687 0.024217 
 2688 0.011290 
 2689 0.006669 
 2690 0.319766 
 2691 0.128089 
 2692 0.071588 
 2693 0.093027 
 2694 0.086662 
 2695 0.657383 
 2696 0.345469 
 2697 0.303014 
 2698 0.050427 
 2699 0.172526 
 2700 0.000000 
 2701 0.016345 
 2702 0.020510 
 2703 0.036226 
 2704 0.724892 
 2705 0.175101 
 2706 0.058770 
 2707 0.005468 
 2708 0.001312 
 2709 0.000000 
 2710 0.000000 
 2711 0.030443 
 2712 0.148150 
 2713 0.941355 
 2714 0.092502 
 2715 0.016396 
 2716 0.021350 
 2717 0.005068 
 2718 0.092851 
 2719 0.051893 
 2720 0.067434 
 2721 0.062820 
 2722 0.476532 
 2723 0.250428 
 2724 0.219652 
 2725 0.036554 
 2726 0.125062 
 2727 0.000000 
 2728 0.009053 
 2729 0.053975 
 2730 0.147538 
 2731 1.000000 
 2732 0.248524 
 2733 0.013734 
 2734 0.006947 
 2735 0.000000 
 2736 0.000000 
 2737 0.000000 
 2738 0.030443 
 2739 0.148150 
 2740 0.941355 
 2741 0.092502 
 2742 0.016396 
 2743 0.021350 
 2744 0.005068 
 2745 0.001704 
 2746 0.019069 
 2747 0.041211 
 2748 0.114917 
 2749 0.806772 
 2750 0.209237 
 2751 0.065689 
 2752 0.015940 
 2753 0.042001 
 2754 0.000000 
 2755 0.009053 
 2756 0.053975 
 2757 0.147538 
 2758 1.000000 
 2759 0.248524 
 2760 0.013734 
 2761 0.006947 
 2762 0.000000 
 2763 0.003185 
 2764 0.013603 
 2765 0.044604 
 2766 0.078878 
 2767 0.437737 
 2768 0.089916 
 2769 0.042825 
 2770 0.022830 
 2771 0.075928 
 2772 0.000000 
 2773 0.136587 
 2774 0.113575 
 2775 0.279328 
 2776 0.597252 
 2777 0.247029 
 2778 0.156848 
 2779 0.033507 
 2780 0.001934 
 2781 0.205841 
 2782 0.058522 
 2783 0.188147 
 2784 0.491159 
 2785 0.708490 
 2786 0.315661 
 2787 0.125379 
 2788 0.098788 
 2789 0.184310 
 2790 0.182881 
 2791 0.096434 
 2792 0.195542 
 2793 0.187994 
 2794 0.551347 
 2795 0.373199 
 2796 0.164239 
 2797 0.124646 
 2798 0.064312 
 2799 0.047512 
 2800 0.088192 
 2801 0.096414 
 2802 0.307304 
 2803 0.181989 
 2804 1.000000 
 2805 0.096516 
 2806 0.087935 
 2807 0.054315 
 2808 0.205841 
 2809 0.058522 
 2810 0.188147 
 2811 0.491159 
 2812 0.708490 
 2813 0.315661 
 2814 0.125379 
 2815 0.098788 
 2816 0.184310 
 2817 0.363023 
 2818 0.056791 
 2819 0.198914 
 2820 0.073320 
 2821 0.513069 
 2822 0.311057 
 2823 0.321382 
 2824 0.166327 
 2825 0.198451 
 2826 0.047512 
 2827 0.088192 
 2828 0.096414 
 2829 0.307304 
 2830 0.181989 
 2831 1.000000 
 2832 0.096516 
 2833 0.087935 
 2834 0.054315 
 2835 0.035045 
 2836 0.206830 
 2837 0.066580 
 2838 0.054830 
 2839 0.382666 
 2840 0.588004 
 2841 0.044178 
 2842 0.054563 
 2843 0.002999 
 2844 0.409823 
 2845 0.064113 
 2846 0.224557 
 2847 0.082772 
 2848 0.579212 
 2849 0.351157 
 2850 0.362814 
 2851 0.187769 
 2852 0.224035 
 2853 0.012945 
 2854 0.027701 
 2855 0.118143 
 2856 0.310489 
 2857 1.000000 
 2858 0.198221 
 2859 0.037258 
 2860 0.086739 
 2861 0.034117 
 2862 0.039563 
 2863 0.233493 
 2864 0.075163 
 2865 0.061898 
 2866 0.431998 
 2867 0.663808 
 2868 0.049873 
 2869 0.061597 
 2870 0.003386 
 2871 0.090339 
 2872 0.037211 
 2873 0.189303 
 2874 0.258504 
 2875 0.360002 
 2876 0.152704 
 2877 0.197321 
 2878 0.063397 
 2879 0.128859 
 2880 0.012945 
 2881 0.027701 
 2882 0.118143 
 2883 0.310489 
 2884 1.000000 
 2885 0.198221 
 2886 0.037258 
 2887 0.086739 
 2888 0.034117 
 2889 0.121040 
 2890 0.018634 
 2891 0.021189 
 2892 0.017262 
 2893 0.009962 
 2894 0.022713 
 2895 0.010589 
 2896 0.006255 
 2897 0.299897 
 2898 0.090339 
 2899 0.037211 
 2900 0.189303 
 2901 0.258504 
 2902 0.360002 
 2903 0.152704 
 2904 0.197321 
 2905 0.063397 
 2906 0.128859 
 2907 0.037507 
 2908 0.016293 
 2909 0.035223 
 2910 0.009116 
 2911 0.045273 
 2912 0.023510 
 2913 0.041102 
 2914 0.056116 
 2915 0.088458 
 2916 0.150826 
 2917 0.023220 
 2918 0.026404 
 2919 0.021509 
 2920 0.012414 
 2921 0.028302 
 2922 0.013194 
 2923 0.007794 
 2924 0.373696 
 2925 0.149692 
 2926 0.083661 
 2927 0.108716 
 2928 0.101278 
 2929 0.768254 
 2930 0.403734 
 2931 0.354118 
 2932 0.058932 
 2933 0.201623 
 2934 0.046736 
 2935 0.020303 
 2936 0.043890 
 2937 0.011359 
 2938 0.056413 
 2939 0.029296 
 2940 0.051217 
 2941 0.069925 
 2942 0.110225 
 2943 0.071870 
 2944 0.073858 
 2945 0.053900 
 2946 0.210893 
 2947 1.000000 
 2948 0.147354 
 2949 0.046080 
 2950 0.021951 
 2951 0.045243 
 2952 0.092851 
 2953 0.051893 
 2954 0.067434 
 2955 0.062820 
 2956 0.476532 
 2957 0.250428 
 2958 0.219652 
 2959 0.036554 
 2960 0.125062 
 2961 0.000000 
 2962 0.009053 
 2963 0.053975 
 2964 0.147538 
 2965 1.000000 
 2966 0.248524 
 2967 0.013734 
 2968 0.006947 
 2969 0.000000 
 2970 0.044580 
 2971 0.045812 
 2972 0.033433 
 2973 0.130813 
 2974 0.620279 
 2975 0.091401 
 2976 0.028582 
 2977 0.013616 
 2978 0.028063 
 2979 0.014807 
 2980 0.062239 
 2981 0.202398 
 2982 0.345455 
 2983 0.289132 
 2984 0.182075 
 2985 0.079680 
 2986 0.090530 
 2987 0.040717 
 2988 0.000000 
 2989 0.009053 
 2990 0.053975 
 2991 0.147538 
 2992 1.000000 
 2993 0.248524 
 2994 0.013734 
 2995 0.006947 
 2996 0.000000 
 2997 0.003185 
 2998 0.013603 
 2999 0.044604 
 3000 0.078878 
 3001 0.437737 
 3002 0.089916 
 3003 0.042825 
 3004 0.022830 
 3005 0.075928 
 3006 0.014807 
 3007 0.062239 
 3008 0.202398 
 3009 0.345455 
 3010 0.289132 
 3011 0.182075 
 3012 0.079680 
 3013 0.090530 
 3014 0.040717 
 3015 0.005111 
 3016 0.004197 
 3017 0.023064 
 3018 0.156053 
 3019 0.278150 
 3020 0.092129 
 3021 0.015507 
 3022 0.004323 
 3023 0.005054 
 3024 0.182881 
 3025 0.096434 
 3026 0.195542 
 3027 0.187994 
 3028 0.551347 
 3029 0.373199 
 3030 0.164239 
 3031 0.124646 
 3032 0.064312 
 3033 0.047512 
 3034 0.088192 
 3035 0.096414 
 3036 0.307304 
 3037 0.181989 
 3038 1.000000 
 3039 0.096516 
 3040 0.087935 
 3041 0.054315 
 3042 0.200782 
 3043 0.097192 
 3044 0.101997 
 3045 0.437414 
 3046 0.571823 
 3047 0.769801 
 3048 0.206678 
 3049 0.000000 
 3050 0.058489 
 3051 0.021349 
 3052 0.011848 
 3053 0.081438 
 3054 0.048302 
 3055 0.082152 
 3056 0.349932 
 3057 0.275275 
 3058 0.100651 
 3059 0.049947 
 3060 0.047512 
 3061 0.088192 
 3062 0.096414 
 3063 0.307304 
 3064 0.181989 
 3065 1.000000 
 3066 0.096516 
 3067 0.087935 
 3068 0.054315 
 3069 0.035045 
 3070 0.206830 
 3071 0.066580 
 3072 0.054830 
 3073 0.382666 
 3074 0.588004 
 3075 0.044178 
 3076 0.054563 
 3077 0.002999 
 3078 0.021349 
 3079 0.011848 
 3080 0.081438 
 3081 0.048302 
 3082 0.082152 
 3083 0.349932 
 3084 0.275275 
 3085 0.100651 
 3086 0.049947 
 3087 0.100093 
 3088 0.117051 
 3089 0.205387 
 3090 0.190986 
 3091 0.136460 
 3092 0.073007 
 3093 0.103566 
 3094 0.134218 
 3095 0.185233 
 3096 0.059599 
 3097 0.351749 
 3098 0.113230 
 3099 0.093247 
 3100 0.650788 
 3101 1.000000 
 3102 0.075132 
 3103 0.092794 
 3104 0.005101 
 3105 0.136093 
 3106 0.056057 
 3107 0.285178 
 3108 0.389425 
 3109 0.542328 
 3110 0.230042 
 3111 0.297256 
 3112 0.095506 
 3113 0.194121 
 3114 0.170225 
 3115 0.199065 
 3116 0.349295 
 3117 0.324804 
 3118 0.232073 
 3119 0.124160 
 3120 0.176132 
 3121 0.228260 
 3122 0.315020 
 3123 0.194570 
 3124 0.342219 
 3125 0.236521 
 3126 0.230941 
 3127 0.284216 
 3128 0.303392 
 3129 0.141629 
 3130 0.105909 
 3131 0.031932 
 3132 0.250941 
 3133 0.103364 
 3134 0.525840 
 3135 0.718062 
 3136 1.000000 
 3137 0.424175 
 3138 0.548110 
 3139 0.176103 
 3140 0.357940 
 3141 0.104185 
 3142 0.045259 
 3143 0.097840 
 3144 0.025321 
 3145 0.125756 
 3146 0.065306 
 3147 0.114173 
 3148 0.155878 
 3149 0.245715 
 3150 0.358767 
 3151 0.631018 
 3152 0.436122 
 3153 0.425833 
 3154 0.524066 
 3155 0.559424 
 3156 0.261150 
 3157 0.195285 
 3158 0.058880 
 3159 0.132126 
 3160 0.368346 
 3161 0.298476 
 3162 0.230868 
 3163 0.046020 
 3164 0.042437 
 3165 0.042221 
 3166 0.025637 
 3167 0.126191 
 3168 0.046736 
 3169 0.020303 
 3170 0.043890 
 3171 0.011359 
 3172 0.056413 
 3173 0.029296 
 3174 0.051217 
 3175 0.069925 
 3176 0.110225 
 3177 0.071870 
 3178 0.073858 
 3179 0.053900 
 3180 0.210893 
 3181 1.000000 
 3182 0.147354 
 3183 0.046080 
 3184 0.021951 
 3185 0.045243 
 3186 0.059271 
 3187 0.165237 
 3188 0.133894 
 3189 0.103565 
 3190 0.020644 
 3191 0.019037 
 3192 0.018940 
 3193 0.011500 
 3194 0.056608 
 3195 0.305781 
 3196 0.084592 
 3197 0.032406 
 3198 0.140448 
 3199 0.101774 
 3200 0.019537 
 3201 0.065264 
 3202 0.063370 
 3203 0.070386 
 3204 0.071870 
 3205 0.073858 
 3206 0.053900 
 3207 0.210893 
 3208 1.000000 
 3209 0.147354 
 3210 0.046080 
 3211 0.021951 
 3212 0.045243 
 3213 0.023872 
 3214 0.100341 
 3215 0.326302 
 3216 0.556935 
 3217 0.466133 
 3218 0.293537 
 3219 0.128459 
 3220 0.145950 
 3221 0.065643 
 3222 0.305781 
 3223 0.084592 
 3224 0.032406 
 3225 0.140448 
 3226 0.101774 
 3227 0.019537 
 3228 0.065264 
 3229 0.063370 
 3230 0.070386 
 3231 0.191715 
 3232 0.023489 
 3233 0.135960 
 3234 0.346497 
 3235 0.162408 
 3236 0.100707 
 3237 0.092537 
 3238 0.082358 
 3239 0.124118 
 3240 0.039930 
 3241 0.167840 
 3242 0.545806 
 3243 0.931586 
 3244 0.779700 
 3245 0.490999 
 3246 0.214873 
 3247 0.244130 
 3248 0.109801 
 3249 0.013782 
 3250 0.011318 
 3251 0.062195 
 3252 0.420826 
 3253 0.750084 
 3254 0.248444 
 3255 0.041817 
 3256 0.011658 
 3257 0.013629 
 3258 0.320681 
 3259 0.039291 
 3260 0.227420 
 3261 0.579586 
 3262 0.271660 
 3263 0.168453 
 3264 0.154786 
 3265 0.137761 
 3266 0.207612 
 3267 0.034722 
 3268 0.027183 
 3269 0.094808 
 3270 0.261069 
 3271 1.000000 
 3272 0.329757 
 3273 0.016807 
 3274 0.080559 
 3275 0.078940 
 3276 0.171273 
 3277 0.082907 
 3278 0.087006 
 3279 0.373126 
 3280 0.487780 
 3281 0.656661 
 3282 0.176302 
 3283 0.000000 
 3284 0.049893 
 3285 0.018211 
 3286 0.010107 
 3287 0.069469 
 3288 0.041203 
 3289 0.070078 
 3290 0.298501 
 3291 0.234817 
 3292 0.085858 
 3293 0.042606 
 3294 0.000000 
 3295 0.005797 
 3296 0.000000 
 3297 0.070722 
 3298 0.230769 
 3299 1.000000 
 3300 0.160038 
 3301 0.114084 
 3302 0.034957 
 3303 0.023714 
 3304 0.023597 
 3305 0.018797 
 3306 0.007608 
 3307 0.009555 
 3308 0.078318 
 3309 0.078141 
 3310 0.030793 
 3311 0.020171 
 3312 0.061008 
 3313 0.033858 
 3314 0.232726 
 3315 0.138032 
 3316 0.234767 
 3317 1.000000 
 3318 0.786653 
 3319 0.287629 
 3320 0.142733 
 3321 0.286035 
 3322 0.334496 
 3323 0.586934 
 3324 0.545780 
 3325 0.389961 
 3326 0.208631 
 3327 0.295961 
 3328 0.383555 
 3329 0.529341 
 3330 0.079443 
 3331 0.079050 
 3332 0.062972 
 3333 0.025486 
 3334 0.032010 
 3335 0.262372 
 3336 0.261777 
 3337 0.103160 
 3338 0.067575 
 3339 0.337194 
 3340 0.087408 
 3341 0.032252 
 3342 0.000000 
 3343 0.033953 
 3344 0.000000 
 3345 0.035858 
 3346 0.073025 
 3347 0.137801 
 3348 0.487338 
 3349 0.569905 
 3350 1.000000 
 3351 0.929884 
 3352 0.664404 
 3353 0.355460 
 3354 0.504250 
 3355 0.653489 
 3356 0.901874 
 3357 0.557035 
 3358 0.979743 
 3359 0.677139 
 3360 0.661164 
 3361 0.813684 
 3362 0.868583 
 3363 0.405471 
 3364 0.303207 
 3365 0.091419 
 3366 0.574501 
 3367 0.148924 
 3368 0.054951 
 3369 0.000000 
 3370 0.057848 
 3371 0.000000 
 3372 0.061094 
 3373 0.124418 
 3374 0.234781 
 3375 0.134699 
 3376 0.339404 
 3377 0.113612 
 3378 0.101744 
 3379 0.067929 
 3380 0.033383 
 3381 0.089664 
 3382 0.117765 
 3383 0.204579 
 3384 0.568552 
 3385 1.000000 
 3386 0.691140 
 3387 0.674834 
 3388 0.830508 
 3389 0.886542 
 3390 0.413854 
 3391 0.309476 
 3392 0.093309 
 3393 0.209386 
 3394 0.583732 
 3395 0.473007 
 3396 0.365866 
 3397 0.072929 
 3398 0.067252 
 3399 0.066909 
 3400 0.040628 
 3401 0.199980 
 3402 0.137484 
 3403 0.346421 
 3404 0.115961 
 3405 0.103848 
 3406 0.069333 
 3407 0.034074 
 3408 0.091517 
 3409 0.120200 
 3410 0.208809 
 3411 0.480312 
 3412 0.108656 
 3413 0.090641 
 3414 0.033968 
 3415 0.042156 
 3416 0.011883 
 3417 0.036412 
 3418 0.256024 
 3419 0.323878 
 3420 0.193834 
 3421 0.540375 
 3422 0.437875 
 3423 0.338691 
 3424 0.067513 
 3425 0.062256 
 3426 0.061939 
 3427 0.037610 
 3428 0.185126 
 3429 1.000000 
 3430 0.276642 
 3431 0.105976 
 3432 0.459308 
 3433 0.332831 
 3434 0.063891 
 3435 0.213434 
 3436 0.207239 
 3437 0.230184 
 3438 0.444637 
 3439 0.100586 
 3440 0.083909 
 3441 0.031445 
 3442 0.039025 
 3443 0.011000 
 3444 0.033708 
 3445 0.237008 
 3446 0.299822 
 3447 0.040220 
 3448 0.019281 
 3449 0.024281 
 3450 0.040049 
 3451 0.135050 
 3452 0.266977 
 3453 0.294294 
 3454 0.149147 
 3455 0.191038 
 3456 0.882493 
 3457 0.244135 
 3458 0.093523 
 3459 0.405336 
 3460 0.293721 
 3461 0.056383 
 3462 0.188354 
 3463 0.182887 
 3464 0.203136 
 3465 0.553294 
 3466 0.067791 
 3467 0.392384 
 3468 1.000000 
 3469 0.468714 
 3470 0.290643 
 3471 0.267063 
 3472 0.237688 
 3473 0.358208 
 3474 0.035494 
 3475 0.017015 
 3476 0.021427 
 3477 0.035343 
 3478 0.119180 
 3479 0.235606 
 3480 0.259713 
 3481 0.131621 
 3482 0.168590 
 3483 0.021869 
 3484 0.036677 
 3485 0.176823 
 3486 0.199800 
 3487 0.409996 
 3488 0.460427 
 3489 0.161486 
 3490 0.008115 
 3491 0.018871 
 3492 0.145608 
 3493 0.017840 
 3494 0.103262 
 3495 0.263166 
 3496 0.123350 
 3497 0.076487 
 3498 0.070282 
 3499 0.062551 
 3500 0.094268 
 3501 0.015766 
 3502 0.012343 
 3503 0.043049 
 3504 0.118540 
 3505 0.454058 
 3506 0.149729 
 3507 0.007631 
 3508 0.036578 
 3509 0.035843 
 3510 0.005755 
 3511 0.009652 
 3512 0.046534 
 3513 0.052580 
 3514 0.107897 
 3515 0.121169 
 3516 0.042498 
 3517 0.002136 
 3518 0.004966 
 3519 0.000000 
 3520 0.006725 
 3521 0.004634 
 3522 0.062808 
 3523 1.000000 
 3524 0.157809 
 3525 0.067965 
 3526 0.002311 
 3527 0.000000 
 3528 0.000000 
 3529 0.005797 
 3530 0.000000 
 3531 0.070722 
 3532 0.230769 
 3533 1.000000 
 3534 0.160038 
 3535 0.114084 
 3536 0.034957 
 3537 0.023714 
 3538 0.023597 
 3539 0.018797 
 3540 0.007608 
 3541 0.009555 
 3542 0.078318 
 3543 0.078141 
 3544 0.030793 
 3545 0.020171 
 3546 0.003295 
 3547 0.002110 
 3548 0.004948 
 3549 0.009321 
 3550 0.031456 
 3551 0.569554 
 3552 0.146349 
 3553 0.095881 
 3554 0.000000 
 3555 0.011265 
 3556 0.012040 
 3557 0.007472 
 3558 0.010732 
 3559 0.014900 
 3560 0.006103 
 3561 0.017561 
 3562 0.006945 
 3563 0.014230 
 3564 0.235599 
 3565 0.234435 
 3566 0.186752 
 3567 0.075582 
 3568 0.094931 
 3569 0.778102 
 3570 0.776339 
 3571 0.305935 
 3572 0.200403 
 3573 1.000000 
 3574 0.259222 
 3575 0.095649 
 3576 0.000000 
 3577 0.100693 
 3578 0.000000 
 3579 0.106343 
 3580 0.216568 
 3581 0.408670 
 3582 0.111923 
 3583 0.119621 
 3584 0.074239 
 3585 0.106624 
 3586 0.148029 
 3587 0.060636 
 3588 0.174475 
 3589 0.068999 
 3590 0.141372 
 3591 0.374819 
 3592 0.074284 
 3593 0.140464 
 3594 0.063298 
 3595 0.104512 
 3596 0.061265 
 3597 0.131438 
 3598 0.206166 
 3599 0.157934 
 3600 1.000000 
 3601 0.259222 
 3602 0.095649 
 3603 0.000000 
 3604 0.100693 
 3605 0.000000 
 3606 0.106343 
 3607 0.216568 
 3608 0.408670 
 3609 0.234462 
 3610 0.590780 
 3611 0.197758 
 3612 0.177100 
 3613 0.118239 
 3614 0.058109 
 3615 0.156072 
 3616 0.204986 
 3617 0.356099 
 3618 0.374819 
 3619 0.074284 
 3620 0.140464 
 3621 0.063298 
 3622 0.104512 
 3623 0.061265 
 3624 0.131438 
 3625 0.206166 
 3626 0.157934 
 3627 0.126939 
 3628 0.198404 
 3629 0.049032 
 3630 0.131977 
 3631 0.023769 
 3632 0.091752 
 3633 0.187738 
 3634 0.288352 
 3635 0.269312 
 3636 0.286238 
 3637 0.721242 
 3638 0.241429 
 3639 0.216210 
 3640 0.144350 
 3641 0.070941 
 3642 0.190538 
 3643 0.250254 
 3644 0.434737 
 3645 1.000000 
 3646 0.226221 
 3647 0.188714 
 3648 0.070721 
 3649 0.087767 
 3650 0.024739 
 3651 0.075809 
 3652 0.533036 
 3653 0.674307 
 3654 0.154971 
 3655 0.242217 
 3656 0.059860 
 3657 0.161122 
 3658 0.029018 
 3659 0.112013 
 3660 0.229196 
 3661 0.352030 
 3662 0.328785 
 3663 0.422820 
 3664 0.187589 
 3665 0.120447 
 3666 0.144611 
 3667 0.073012 
 3668 0.020022 
 3669 0.027523 
 3670 0.077263 
 3671 0.355136 
 3672 1.000000 
 3673 0.226221 
 3674 0.188714 
 3675 0.070721 
 3676 0.087767 
 3677 0.024739 
 3678 0.075809 
 3679 0.533036 
 3680 0.674307 
 3681 0.090455 
 3682 0.043363 
 3683 0.054608 
 3684 0.090071 
 3685 0.303730 
 3686 0.600439 
 3687 0.661876 
 3688 0.335436 
 3689 0.429649 
 3690 0.422820 
 3691 0.187589 
 3692 0.120447 
 3693 0.144611 
 3694 0.073012 
 3695 0.020022 
 3696 0.027523 
 3697 0.077263 
 3698 0.355136 
 3699 0.324794 
 3700 0.047353 
 3701 0.028552 
 3702 0.011108 
 3703 0.071640 
 3704 0.348546 
 3705 0.196338 
 3706 0.380842 
 3707 0.369089 
 3708 0.067268 
 3709 0.032247 
 3710 0.040609 
 3711 0.066982 
 3712 0.225871 
 3713 0.446520 
 3714 0.492209 
 3715 0.249449 
 3716 0.319511 
 3717 0.041446 
 3718 0.069511 
 3719 0.335115 
 3720 0.378661 
 3721 0.777025 
 3722 0.872603 
 3723 0.306050 
 3724 0.015379 
 3725 0.035765 
 3726 0.241535 
 3727 0.035215 
 3728 0.021233 
 3729 0.008261 
 3730 0.053276 
 3731 0.259199 
 3732 0.146008 
 3733 0.283216 
 3734 0.274476 
 3735 0.048768 
 3736 0.023731 
 3737 0.210247 
 3738 0.820572 
 3739 1.000000 
 3740 0.483968 
 3741 0.395672 
 3742 0.027882 
 3743 0.055132 
 3744 0.005755 
 3745 0.009652 
 3746 0.046534 
 3747 0.052580 
 3748 0.107897 
 3749 0.121169 
 3750 0.042498 
 3751 0.002136 
 3752 0.004966 
 3753 0.000000 
 3754 0.006725 
 3755 0.004634 
 3756 0.062808 
 3757 1.000000 
 3758 0.157809 
 3759 0.067965 
 3760 0.002311 
 3761 0.000000 
 3762 0.006772 
 3763 0.003295 
 3764 0.029195 
 3765 0.113944 
 3766 0.138859 
 3767 0.067203 
 3768 0.054943 
 3769 0.003872 
 3770 0.007656 
 3771 0.036575 
 3772 0.147483 
 3773 0.040543 
 3774 0.346139 
 3775 0.584664 
 3776 0.325260 
 3777 0.153176 
 3778 0.000000 
 3779 0.019848 

