0.46504 0.51476 0.56095 0.60181 0.63564 0.66096 0.67663 0.68194 0.68194 0.67663 0.66096 0.63564 0.60181 0.56095 0.51476 0.46504
0.51476 0.56978 0.62091 0.66614 0.70359 0.73162 0.74897 0.75484 0.75484 0.74897 0.73162 0.70359 0.66614 0.62091 0.56978 0.51476
0.56095 0.62091 0.67663 0.72592 0.76673 0.79727 0.81618 0.82258 0.82258 0.81618 0.79727 0.76673 0.72592 0.67663 0.62091 0.56095
0.60181 0.66614 0.72592 0.7788 0.82258 0.85535 0.87563 0.8825 0.8825 0.87563 0.85535 0.82258 0.7788 0.72592 0.66614 0.60181
0.63564 0.70359 0.76673 0.82258 0.86882 0.90342 0.92485 0.9321 0.9321 0.92485 0.90342 0.86882 0.82258 0.76673 0.70359 0.63564
0.66096 0.73162 0.79727 0.85535 0.90342 0.93941 0.96169 0.96923 0.96923 0.96169 0.93941 0.90342 0.85535 0.79727 0.73162 0.66096
0.67663 0.74897 0.81618 0.87563 0.92485 0.96169 0.9845 0.99222 0.99222 0.9845 0.96169 0.92485 0.87563 0.81618 0.74897 0.67663
0.68194 0.75484 0.82258 0.8825 0.9321 0.96923 0.99222 1 1 0.99222 0.96923 0.9321 0.8825 0.82258 0.75484 0.68194
0.68194 0.75484 0.82258 0.8825 0.9321 0.96923 0.99222 1 1 0.99222 0.96923 0.9321 0.8825 0.82258 0.75484 0.68194
0.67663 0.74897 0.81618 0.87563 0.92485 0.96169 0.9845 0.99222 0.99222 0.9845 0.96169 0.92485 0.87563 0.81618 0.74897 0.67663
0.66096 0.73162 0.79727 0.85535 0.90342 0.93941 0.96169 0.96923 0.96923 0.96169 0.93941 0.90342 0.85535 0.79727 0.73162 0.66096
0.63564 0.70359 0.76673 0.82258 0.86882 0.90342 0.92485 0.9321 0.9321 0.92485 0.90342 0.86882 0.82258 0.76673 0.70359 0.63564
0.60181 0.66614 0.72592 0.7788 0.82258 0.85535 0.87563 0.8825 0.8825 0.87563 0.85535 0.82258 0.7788 0.72592 0.66614 0.60181
0.56095 0.62091 0.67663 0.72592 0.76673 0.79727 0.81618 0.82258 0.82258 0.81618 0.79727 0.76673 0.72592 0.67663 0.62091 0.56095
0.51476 0.56978 0.62091 0.66614 0.70359 0.73162 0.74897 0.75484 0.75484 0.74897 0.73162 0.70359 0.66614 0.62091 0.56978 0.51476
0.46504 0.51476 0.56095 0.60181 0.63564 0.66096 0.67663 0.68194 0.68194 0.67663 0.66096 0.63564 0.60181 0.56095 0.51476 0.46504

