         0        80      1440      1520
       160       240      1600      1680
       320       400      1760      1840
       480       560      1920      2000
       640         0      2080         0
       720       800      2160      2240
       880       960      2320      2400
      1040      1120      2480      2560
      1200      1280      2640      2720
      1360         0      2800         0
       576       608      1152      1184
       640       672      1216      1248
       704       736      1280      1312
       768       800      1344      1376
       832         0      1408         0
       864       896      1440      1472
       928       960      1504      1536
       992      1024      1568      1600
      1056      1088      1632      1664
      1120         0      1696         0
       864       888      1296      1320
       912       936      1344      1368
       960       984      1392      1416
      1008      1032      1440      1464
      1056         0      1488         0
      1080      1104      1512      1536
      1128      1152      1560      1584
      1176      1200      1608      1632
      1224      1248      1656      1680
      1272         0      1704         0
      1080      1100      1440      1460
      1120      1140      1480      1500
      1160      1180      1520      1540
      1200      1220      1560      1580
      1240         0      1600         0
      1260      1280      1620      1640
      1300      1320      1660      1680
      1340      1360      1700      1720
      1380      1400      1740      1760
      1420         0      1780         0
      1008      1022      1260      1274
      1036      1050      1288      1302
      1064      1078      1316      1330
      1092      1106      1344      1358
      1120         0      1372         0
      1134      1148      1386      1400
      1162      1176      1414      1428
      1190      1204      1442      1456
      1218      1232      1470      1484
      1246         0      1498         0
      1080      1092      1296      1308
      1104      1116      1320      1332
      1128      1140      1344      1356
      1152      1164      1368      1380
      1176         0      1392         0
      1188      1200      1404      1416
      1212      1224      1428      1440
      1236      1248      1452      1464
