     65536
    196610
    327684
    458758
         8
       204
    655369
    786443
    917517
   1048591
        17
      1581
   1245202
   1376276
   1507350
   1638424
        26
      4416
   1835035
   1966109
   2097183
   2228257
        35
      8709
   2424868
   2555942
   2687016
   2818090
        44
     14460
   3014701
   3145775
   3276849
   3407923
        53
     21669
   3604534
   3735608
   3866682
   3997756
        62
     30336
   4194367
   4325441
   4456515
   4587589
        71
     40461
   4784200
   4915274
   5046348
   5177422
        80
     52044
   5374033
   5505107
   5636181
   5767255
        89
     65085
   5963866
   6094940
   6226014
   6357088
        98
     79584
   6553699
   6684773
   6815847
   6946921
       107
     95541
   7143532
   7274606
   7405680
   7536754
       116
    112956
   7733365
   7864439
   7995513
   8126587
       125
    131829
   8323198
   8454272
   8585346
   8716420
       134
    152160
   8913031
   9044105
   9175179
   9306253
       143
    173949
