         0         0         0         0            0
         0         0         0         0            0
         0         0         0         0            0
         0         0         0         0            0
         0         0         0         0
         0         0         0         0
         0         0         0         0
         0         0         0         0
         0         0         0         0
         0         0         0         0
       720       760      1440      1480
       800       840      1520      1560
       880       920      1600      1640
       960      1000      1680      1720
      1040         0      1760         0
      1080      1120      1800      1840
      1160      1200      1880      1920
      1240      1280      1960      2000
      1320      1360      2040      2080
      1400         0      2120         0
         0         0         0         0            0
         0         0         0         0            0
         0         0         0         0            0
         0         0         0         0            0
         0         0         0         0
         0         0         0         0
         0         0         0         0
         0         0         0         0
         0         0         0         0
         0         0         0         0
         4         4         7         7
         4         4         7         7
         4         4         7         7
         4         4         7         7
         4         0         8         0
         4         7         8         8
         7         7         8         8
         7         7         8         8
         7         7         8         8
         7         0         8         0
         0         0         0         0            0
         0         0         0         0            0
         0         0         0         0            0
         0         0         0         0            0
         0         0         0         0
         0         0         0         0
         0         0         0         0
         0         0         0         0
         0         0         0         0
         0         0         0         0
         3         3         4         4
         3         3         4         4
         3         3         4         4
         4         4         4         4
         4         0         4         0
         4         4         4         4
         4         4         4         4
         4         4         4         4
         4         4         4         4
         4         0         4         0
         0         0         0         0            0
         0         0         0         0            0
         0         0         0         0            0
         0         0         0         0            0
         0         0         0         0
         0         0         0         0
         0         0         0         0
         0         0         0         0
         0         0         0         0
         0         0         0         0
        11        11        15        15
        14        14        15        15
        14        14        15        15
        14        14        15        15
        14         0        15         0
        14        14        15        15
        14        14        15        15
        14        14        15        15
        14        14        15        17
        14         0        17         0
